//v File Header --------------------
    Mesh count
1
    Mesh Group count
0
    Material count
1
    Point Light count
0
    Directional count
0
//^ File Header --------------------

//v Mesh 0 Header  --------------------
    Mesh name: 
Hair
    Material ID : 
0
    Translation vector: 
0.0000000000, 0.0000000000, 0.0000000000
    Rotation vector: 
0.0000000000, 0.0000000000, 0.0000000000
    Scale vector: 
1.0000000000, 1.0000000000, 1.0000000000
    Is child: 
0
    Parent Name: 
RootNode
    Parent type: 
-1
  # Attribute type: 
0
  # Attribute link: 
0
  # Attribute dir: 
0
  # Attribute dist: 
0.0000000000
  # Attribute collect: 
0
  # Vertex count: 
7221
    Joint count: 
14
    Animation count: 
1
//^ Mesh 0 Header  --------------------

    //v Mesh 0 Vertices  --------------------
    ~ 0 Vertex position / uv / normal / tangent / binormal 
-0.8434170485, 5.1289362907, -0.1458218247
0.7879571319, 0.1956619024, 
0.1856093109, 0.0645340756, -0.9805021286
-0.2602667809, -0.9589737654, -0.1123857051
-0.9475286603, 0.2760519981, -0.1611983925
1.0000000000, 0.0000000000, 0.0000000000, 0.0000000000
3.0000000000, 0.0000000000, 0.0000000000, 0.0000000000
    ~ 1 Vertex position / uv / normal / tangent / binormal 
-0.8433589935, 5.2343034744, -0.1388758570
0.7797634006, 0.1979560852, 
0.2573983967, 0.1609928906, -0.9527997971
-0.2237411290, -0.9492983818, -0.2208448201
-0.9400457740, 0.2700256109, -0.2083271593
1.0000000000, 0.0000000000, 0.0000000000, 0.0000000000
3.0000000000, 0.0000000000, 0.0000000000, 0.0000000000
    ~ 2 Vertex position / uv / normal / tangent / binormal 
-0.7827007771, 5.1867599487, -0.1305224150
0.7822231054, 0.1920425892, 
0.2359790951, 0.1319147199, -0.9627629519
-0.2323842198, -0.9543370605, -0.1877190322
-0.9435631633, 0.2680286467, -0.1945486665
1.0000000000, 0.0000000000, 0.0000000000, 0.0000000000
3.0000000000, 0.0000000000, 0.0000000000, 0.0000000000
    ~ 3 Vertex position / uv / normal / tangent / binormal 
-0.7827007771, 5.1867599487, -0.1305224150
0.7822231054, 0.1920425892, 
0.2359790951, 0.1319147199, -0.9627629519
-0.2323842198, -0.9543370605, -0.1877190322
-0.9435631633, 0.2680286467, -0.1945486665
1.0000000000, 0.0000000000, 0.0000000000, 0.0000000000
3.0000000000, 0.0000000000, 0.0000000000, 0.0000000000
    ~ 4 Vertex position / uv / normal / tangent / binormal 
-0.8433589935, 5.2343034744, -0.1388758570
0.7797634006, 0.1979560852, 
0.2573983967, 0.1609928906, -0.9527997971
-0.2237411290, -0.9492983818, -0.2208448201
-0.9400457740, 0.2700256109, -0.2083271593
1.0000000000, 0.0000000000, 0.0000000000, 0.0000000000
3.0000000000, 0.0000000000, 0.0000000000, 0.0000000000
    ~ 5 Vertex position / uv / normal / tangent / binormal 
-0.7793002129, 5.3033461571, -0.1030161530
0.7733578682, 0.1938229799, 
0.2940188944, 0.2113446593, -0.9321407676
-0.1991704702, -0.9402906895, -0.2760154903
-0.9348176718, 0.2668086886, -0.2343696207
1.0000000000, 0.0000000000, 0.0000000000, 0.0000000000
3.0000000000, 0.0000000000, 0.0000000000, 0.0000000000
    ~ 6 Vertex position / uv / normal / tangent / binormal 
-0.8310835361, 4.9706754684, -0.1404708326
0.7997572422, 0.1918976903, 
0.1328719854, -0.0231475234, -0.9908628464
-0.2121624351, -0.9772182703, -0.0056216279
-0.9681592584, 0.2109708488, -0.1347559839
1.0000000000, 0.0000000000, 0.0000000000, 0.0000000000
3.0000000000, 0.0000000000, 0.0000000000, 0.0000000000
    ~ 7 Vertex position / uv / normal / tangent / binormal 
-0.8434170485, 5.1289362907, -0.1458218247
0.7879571319, 0.1956619024, 
0.2102109492, 0.0176280029, -0.9774971008
-0.2197358459, -0.9734042883, -0.0648084283
-0.9526424408, 0.2284146249, -0.2007467747
1.0000000000, 0.0000000000, 0.0000000000, 0.0000000000
3.0000000000, 0.0000000000, 0.0000000000, 0.0000000000
    ~ 8 Vertex position / uv / normal / tangent / binormal 
-0.7762771845, 4.9976334572, -0.1337512732
0.7966488600, 0.1879512668, 
0.1581430286, -0.0099039134, -0.9873665571
-0.2271003872, -0.9735077620, -0.0266089682
-0.9609454870, 0.2284393609, -0.1562026441
1.0000000000, 0.0000000000, 0.0000000000, 0.0000000000
3.0000000000, 0.0000000000, 0.0000000000, 0.0000000000
    ~ 9 Vertex position / uv / normal / tangent / binormal 
-0.7762771845, 4.9976334572, -0.1337512732
0.7966488600, 0.1879512668, 
0.1581430286, -0.0099039134, -0.9873665571
-0.2271003872, -0.9735077620, -0.0266089682
-0.9609454870, 0.2284393609, -0.1562026441
1.0000000000, 0.0000000000, 0.0000000000, 0.0000000000
3.0000000000, 0.0000000000, 0.0000000000, 0.0000000000
    ~ 10 Vertex position / uv / normal / tangent / binormal 
-0.8434170485, 5.1289362907, -0.1458218247
0.7879571319, 0.1956619024, 
0.2102109492, 0.0176280029, -0.9774971008
-0.2197358459, -0.9734042883, -0.0648084283
-0.9526424408, 0.2284146249, -0.2007467747
1.0000000000, 0.0000000000, 0.0000000000, 0.0000000000
3.0000000000, 0.0000000000, 0.0000000000, 0.0000000000
    ~ 11 Vertex position / uv / normal / tangent / binormal 
-0.7827007771, 5.1867599487, -0.1305224150
0.7822231054, 0.1920425892, 
0.2225424498, 0.0241978783, -0.9746226668
-0.2367348969, -0.9684302211, -0.0780994743
-0.9457438588, 0.2481076419, -0.2097883523
1.0000000000, 0.0000000000, 0.0000000000, 0.0000000000
3.0000000000, 0.0000000000, 0.0000000000, 0.0000000000
    ~ 12 Vertex position / uv / normal / tangent / binormal 
-0.7762771845, 4.9976334572, -0.1337512732
0.7966488600, 0.1879512668, 
0.2081864327, -0.1837959290, -0.9606651664
-0.2646762133, -0.9561271071, 0.1255695224
-0.9415970445, 0.2281233221, -0.2476990670
1.0000000000, 0.0000000000, 0.0000000000, 0.0000000000
3.0000000000, 0.0000000000, 0.0000000000, 0.0000000000
    ~ 13 Vertex position / uv / normal / tangent / binormal 
-0.7431164980, 4.8464994431, -0.0976493806
0.8075742722, 0.1816996932, 
0.3433939219, -0.0794512555, -0.9358247519
-0.2272406816, -0.9738384485, -0.0007056539
-0.9112861753, 0.2128998041, -0.3524647653
1.0000000000, 0.0000000000, 0.0000000000, 0.0000000000
3.0000000000, 0.0000000000, 0.0000000000, 0.0000000000
    ~ 14 Vertex position / uv / normal / tangent / binormal 
-0.8310835361, 4.9706754684, -0.1404708326
0.7997572422, 0.1918976903, 
0.2629082501, -0.1428005546, -0.9541945457
-0.2518291175, -0.9648604393, 0.0750105530
-0.9313760996, 0.2205730677, -0.2896310985
1.0000000000, 0.0000000000, 0.0000000000, 0.0000000000
3.0000000000, 0.0000000000, 0.0000000000, 0.0000000000
    ~ 15 Vertex position / uv / normal / tangent / binormal 
-0.8310835361, 4.9706754684, -0.1404708326
0.7997572422, 0.1918976903, 
0.2629082501, -0.1428005546, -0.9541945457
-0.2518291175, -0.9648604393, 0.0750105530
-0.9313760996, 0.2205730677, -0.2896310985
1.0000000000, 0.0000000000, 0.0000000000, 0.0000000000
3.0000000000, 0.0000000000, 0.0000000000, 0.0000000000
    ~ 16 Vertex position / uv / normal / tangent / binormal 
-0.7431164980, 4.8464994431, -0.0976493806
0.8075742722, 0.1816996932, 
0.3433939219, -0.0794512555, -0.9358247519
-0.2272406816, -0.9738384485, -0.0007056539
-0.9112861753, 0.2128998041, -0.3524647653
1.0000000000, 0.0000000000, 0.0000000000, 0.0000000000
3.0000000000, 0.0000000000, 0.0000000000, 0.0000000000
    ~ 17 Vertex position / uv / normal / tangent / binormal 
-0.8157919645, 4.8364362717, -0.1276595742
0.8092612028, 0.1879073977, 
0.3864926398, -0.0438939817, -0.9212473035
-0.2177390605, -0.9749739170, -0.0448946282
-0.8962216377, 0.2179429978, -0.3863777220
1.0000000000, 0.0000000000, 0.0000000000, 0.0000000000
3.0000000000, 0.0000000000, 0.0000000000, 0.0000000000
    ~ 18 Vertex position / uv / normal / tangent / binormal 
-0.9081696272, 5.1128077507, -0.1075648218
0.7907916903, 0.2011297345, 
-0.5064401627, -0.0118798893, -0.8621932268
-0.1822611988, -0.9758380055, 0.1205034330
-0.8427925110, 0.2181721479, 0.4920383394
1.0000000000, 0.0000000000, 0.0000000000, 0.0000000000
3.0000000000, 0.0000000000, 0.0000000000, 0.0000000000
    ~ 19 Vertex position / uv / normal / tangent / binormal 
-0.9092299938, 5.2287859917, -0.1085400134
0.7818855643, 0.2031420469, 
-0.4583266675, 0.0295787565, -0.8882914782
-0.2248100936, -0.9708037972, 0.0836676881
-0.8598820567, 0.2380440533, 0.4515949488
1.0000000000, 0.0000000000, 0.0000000000, 0.0000000000
3.0000000000, 0.0000000000, 0.0000000000, 0.0000000000
    ~ 20 Vertex position / uv / normal / tangent / binormal 
-0.8434170485, 5.1289362907, -0.1458218247
0.7879571319, 0.1956619024, 
-0.4797210395, 0.0113902418, -0.8773471713
-0.2137728035, -0.9713017941, 0.1042779386
-0.8509812355, 0.2375773042, 0.4683888853
1.0000000000, 0.0000000000, 0.0000000000, 0.0000000000
3.0000000000, 0.0000000000, 0.0000000000, 0.0000000000
    ~ 21 Vertex position / uv / normal / tangent / binormal 
-0.8434170485, 5.1289362907, -0.1458218247
0.7879571319, 0.1956619024, 
-0.4797210395, 0.0113902418, -0.8773471713
-0.2137728035, -0.9713017941, 0.1042779386
-0.8509812355, 0.2375773042, 0.4683888853
1.0000000000, 0.0000000000, 0.0000000000, 0.0000000000
3.0000000000, 0.0000000000, 0.0000000000, 0.0000000000
    ~ 22 Vertex position / uv / normal / tangent / binormal 
-0.9092299938, 5.2287859917, -0.1085400134
0.7818855643, 0.2031420469, 
-0.4583266675, 0.0295787565, -0.8882914782
-0.2248100936, -0.9708037972, 0.0836676881
-0.8598820567, 0.2380440533, 0.4515949488
1.0000000000, 0.0000000000, 0.0000000000, 0.0000000000
3.0000000000, 0.0000000000, 0.0000000000, 0.0000000000
    ~ 23 Vertex position / uv / normal / tangent / binormal 
-0.8433589935, 5.2343034744, -0.1388758570
0.7797634006, 0.1979560852, 
-0.4216921329, 0.0598754026, -0.9047600627
-0.2609792650, -0.9636083841, 0.0578677803
-0.8683695197, 0.2605260015, 0.4219723344
1.0000000000, 0.0000000000, 0.0000000000, 0.0000000000
3.0000000000, 0.0000000000, 0.0000000000, 0.0000000000
    ~ 24 Vertex position / uv / normal / tangent / binormal 
-0.8434170485, 5.1289362907, -0.1458218247
0.7879571319, 0.1956619024, 
-0.4949133992, -0.0678595155, -0.8662886024
-0.1839428246, -0.9661713839, 0.1807707995
-0.8492501378, 0.2488134503, 0.4656888247
1.0000000000, 0.0000000000, 0.0000000000, 0.0000000000
3.0000000000, 0.0000000000, 0.0000000000, 0.0000000000
    ~ 25 Vertex position / uv / normal / tangent / binormal 
-0.8310835361, 4.9706754684, -0.1404708326
0.7997572422, 0.1918976903, 
-0.5556335449, -0.1105707660, -0.8240421414
-0.1360088587, -0.9656785727, 0.2212834805
-0.8202274442, 0.2350295782, 0.5215248466
1.0000000000, 0.0000000000, 0.0000000000, 0.0000000000
3.0000000000, 0.0000000000, 0.0000000000, 0.0000000000
    ~ 26 Vertex position / uv / normal / tangent / binormal 
-0.9081696272, 5.1128077507, -0.1075648218
0.7907916903, 0.2011297345, 
-0.5207127929, -0.0857582092, -0.8494136930
-0.1545212716, -0.9690424204, 0.1925617158
-0.8396317959, 0.2315218598, 0.4913413823
1.0000000000, 0.0000000000, 0.0000000000, 0.0000000000
3.0000000000, 0.0000000000, 0.0000000000, 0.0000000000
    ~ 27 Vertex position / uv / normal / tangent / binormal 
-0.9081696272, 5.1128077507, -0.1075648218
0.7907916903, 0.2011297345, 
-0.5207127929, -0.0857582092, -0.8494136930
-0.1545212716, -0.9690424204, 0.1925617158
-0.8396317959, 0.2315218598, 0.4913413823
1.0000000000, 0.0000000000, 0.0000000000, 0.0000000000
3.0000000000, 0.0000000000, 0.0000000000, 0.0000000000
    ~ 28 Vertex position / uv / normal / tangent / binormal 
-0.8310835361, 4.9706754684, -0.1404708326
0.7997572422, 0.1918976903, 
-0.5556335449, -0.1105707660, -0.8240421414
-0.1360088587, -0.9656785727, 0.2212834805
-0.8202274442, 0.2350295782, 0.5215248466
1.0000000000, 0.0000000000, 0.0000000000, 0.0000000000
3.0000000000, 0.0000000000, 0.0000000000, 0.0000000000
    ~ 29 Vertex position / uv / normal / tangent / binormal 
-0.8966280222, 4.9601650238, -0.0918013752
0.8026556373, 0.1982833743, 
-0.5781359076, -0.1269506216, -0.8060039878
-0.1086383387, -0.9670504928, 0.2302412838
-0.8086758256, 0.2206736803, 0.5452949405
1.0000000000, 0.0000000000, 0.0000000000, 0.0000000000
3.0000000000, 0.0000000000, 0.0000000000, 0.0000000000
    ~ 30 Vertex position / uv / normal / tangent / binormal 
-0.9092299938, 5.2287859917, -0.1085400134
0.7818855643, 0.2031420469, 
-0.7088657618, -0.0124104731, -0.7052342296
-0.1429630220, -0.9765642881, 0.1608844399
-0.6907032132, 0.2148678899, 0.6904787421
1.0000000000, 0.0000000000, 0.0000000000, 0.0000000000
3.0000000000, 0.0000000000, 0.0000000000, 0.0000000000
    ~ 31 Vertex position / uv / normal / tangent / binormal 
-0.9081696272, 5.1128077507, -0.1075648218
0.7907916903, 0.2011297345, 
-0.7340603471, -0.0249826424, -0.6786245108
-0.1333870143, -0.9745513797, 0.1801600009
-0.6658553481, 0.2227680087, 0.7120471597
1.0000000000, 0.0000000000, 0.0000000000, 0.0000000000
3.0000000000, 0.0000000000, 0.0000000000, 0.0000000000
    ~ 32 Vertex position / uv / normal / tangent / binormal 
-0.9361385107, 5.2242193222, -0.0814126283
0.7830847502, 0.2060692310, 
-0.7177253366, -0.0167733822, -0.6961243153
-0.1430995464, -0.9748188853, 0.1710286140
-0.6814638376, 0.2223666459, 0.6972519159
1.0000000000, 0.0000000000, 0.0000000000, 0.0000000000
3.0000000000, 0.0000000000, 0.0000000000, 0.0000000000
    ~ 33 Vertex position / uv / normal / tangent / binormal 
-0.9361385107, 5.2242193222, -0.0814126283
0.7830847502, 0.2060692310, 
-0.7177253366, -0.0167733822, -0.6961243153
-0.1430995464, -0.9748188853, 0.1710286140
-0.6814638376, 0.2223666459, 0.6972519159
1.0000000000, 0.0000000000, 0.0000000000, 0.0000000000
3.0000000000, 0.0000000000, 0.0000000000, 0.0000000000
    ~ 34 Vertex position / uv / normal / tangent / binormal 
-0.9081696272, 5.1128077507, -0.1075648218
0.7907916903, 0.2011297345, 
-0.7340603471, -0.0249826424, -0.6786245108
-0.1333870143, -0.9745513797, 0.1801600009
-0.6658553481, 0.2227680087, 0.7120471597
1.0000000000, 0.0000000000, 0.0000000000, 0.0000000000
3.0000000000, 0.0000000000, 0.0000000000, 0.0000000000
    ~ 35 Vertex position / uv / normal / tangent / binormal 
-0.9403313398, 5.0771627426, -0.0710850805
0.7945218086, 0.2042024732, 
-0.7368932962, -0.0264291577, -0.6754924059
-0.1368273497, -0.9727221131, 0.1873231679
-0.6620171666, 0.2304629982, 0.7131761312
1.0000000000, 0.0000000000, 0.0000000000, 0.0000000000
3.0000000000, 0.0000000000, 0.0000000000, 0.0000000000
    ~ 36 Vertex position / uv / normal / tangent / binormal 
-0.9081696272, 5.1128077507, -0.1075648218
0.7907916903, 0.2011297345, 
-0.6798142791, -0.1260122657, -0.7224771976
-0.0945504978, -0.9618472457, 0.2567296624
-0.7272638679, 0.2428390980, 0.6419630051
1.0000000000, 0.0000000000, 0.0000000000, 0.0000000000
3.0000000000, 0.0000000000, 0.0000000000, 0.0000000000
    ~ 37 Vertex position / uv / normal / tangent / binormal 
-0.8966280222, 4.9601650238, -0.0918013752
0.8026556373, 0.1982833743, 
-0.8109690547, -0.2059612572, -0.5476396680
0.0129146036, -0.9420669675, 0.3351765275
-0.5849465728, 0.2647452354, 0.7666469812
1.0000000000, 0.0000000000, 0.0000000000, 0.0000000000
3.0000000000, 0.0000000000, 0.0000000000, 0.0000000000
    ~ 38 Vertex position / uv / normal / tangent / binormal 
-0.9403313398, 5.0771627426, -0.0710850805
0.7945218086, 0.2042024732, 
-0.7193145752, -0.1485328078, -0.6786195636
-0.0619482771, -0.9592677355, 0.2756227851
-0.6919168830, 0.2402988076, 0.6808139086
1.0000000000, 0.0000000000, 0.0000000000, 0.0000000000
3.0000000000, 0.0000000000, 0.0000000000, 0.0000000000
    ~ 39 Vertex position / uv / normal / tangent / binormal 
-0.9403313398, 5.0771627426, -0.0710850805
0.7945218086, 0.2042024732, 
-0.7193145752, -0.1485328078, -0.6786195636
-0.0619482771, -0.9592677355, 0.2756227851
-0.6919168830, 0.2402988076, 0.6808139086
1.0000000000, 0.0000000000, 0.0000000000, 0.0000000000
3.0000000000, 0.0000000000, 0.0000000000, 0.0000000000
    ~ 40 Vertex position / uv / normal / tangent / binormal 
-0.8966280222, 4.9601650238, -0.0918013752
0.8026556373, 0.1982833743, 
-0.8109690547, -0.2059612572, -0.5476396680
0.0129146036, -0.9420669675, 0.3351765275
-0.5849465728, 0.2647452354, 0.7666469812
1.0000000000, 0.0000000000, 0.0000000000, 0.0000000000
3.0000000000, 0.0000000000, 0.0000000000, 0.0000000000
    ~ 41 Vertex position / uv / normal / tangent / binormal 
-0.9252406359, 4.9450139999, -0.0373668633
0.8059793711, 0.2027115226, 
-0.8358079791, -0.2234071493, -0.5015118718
0.0371495225, -0.9343841076, 0.3543250561
-0.5477635264, 0.2775168121, 0.7892652750
1.0000000000, 0.0000000000, 0.0000000000, 0.0000000000
3.0000000000, 0.0000000000, 0.0000000000, 0.0000000000
    ~ 42 Vertex position / uv / normal / tangent / binormal 
-0.8927077055, 4.8248729706, -0.0527458452
0.8134999275, 0.1954498887, 
-0.6621468663, -0.2254882455, -0.7146443129
-0.1591098458, -0.8896074295, 0.4281152189
-0.7322879434, 0.3971821666, 0.5531734228
1.0000000000, 0.0000000000, 0.0000000000, 0.0000000000
3.0000000000, 0.0000000000, 0.0000000000, 0.0000000000
    ~ 43 Vertex position / uv / normal / tangent / binormal 
-0.8966280222, 4.9601650238, -0.0918013752
0.8026556373, 0.1982833743, 
-0.6182411909, -0.1823410690, -0.7645452619
-0.1689318568, -0.9191591740, 0.3558207750
-0.7676196098, 0.3491391242, 0.5374588966
1.0000000000, 0.0000000000, 0.0000000000, 0.0000000000
3.0000000000, 0.0000000000, 0.0000000000, 0.0000000000
    ~ 44 Vertex position / uv / normal / tangent / binormal 
-0.8157919645, 4.8364362717, -0.1276595742
0.8092612028, 0.1879073977, 
-0.6390590072, -0.2024669349, -0.7420315742
-0.1498303413, -0.9134826064, 0.3782863617
-0.7544233203, 0.3529261053, 0.5534335375
1.0000000000, 0.0000000000, 0.0000000000, 0.0000000000
3.0000000000, 0.0000000000, 0.0000000000, 0.0000000000
    ~ 45 Vertex position / uv / normal / tangent / binormal 
-0.8157919645, 4.8364362717, -0.1276595742
0.8092612028, 0.1879073977, 
-0.6390590072, -0.2024669349, -0.7420315742
-0.1498303413, -0.9134826064, 0.3782863617
-0.7544233203, 0.3529261053, 0.5534335375
1.0000000000, 0.0000000000, 0.0000000000, 0.0000000000
3.0000000000, 0.0000000000, 0.0000000000, 0.0000000000
    ~ 46 Vertex position / uv / normal / tangent / binormal 
-0.8966280222, 4.9601650238, -0.0918013752
0.8026556373, 0.1982833743, 
-0.6182411909, -0.1823410690, -0.7645452619
-0.1689318568, -0.9191591740, 0.3558207750
-0.7676196098, 0.3491391242, 0.5374588966
1.0000000000, 0.0000000000, 0.0000000000, 0.0000000000
3.0000000000, 0.0000000000, 0.0000000000, 0.0000000000
    ~ 47 Vertex position / uv / normal / tangent / binormal 
-0.8310835361, 4.9706754684, -0.1404708326
0.7997572422, 0.1918976903, 
-0.5752661228, -0.1424018294, -0.8054753542
-0.1716648936, -0.9417810440, 0.2891017497
-0.7997500300, 0.3045822978, 0.5173293352
1.0000000000, 0.0000000000, 0.0000000000, 0.0000000000
3.0000000000, 0.0000000000, 0.0000000000, 0.0000000000
    ~ 48 Vertex position / uv / normal / tangent / binormal 
-0.9205008745, 4.8141407967, 0.0328706689
0.8185836077, 0.2006058097, 
-0.9223567843, -0.2080978304, -0.3255041540
-0.0385527797, -0.7887523770, 0.6135008931
-0.3844104409, 0.5784158707, 0.7194884419
1.0000000000, 0.0000000000, 0.0000000000, 0.0000000000
3.0000000000, 0.0000000000, 0.0000000000, 0.0000000000
    ~ 49 Vertex position / uv / normal / tangent / binormal 
-0.9252406359, 4.9450139999, -0.0373668633
0.8059793711, 0.2027115226, 
-0.8821930289, -0.1833695173, -0.4337179065
-0.0828176215, -0.8462868929, 0.5262506604
-0.4635480642, 0.5001741052, 0.7314020991
1.0000000000, 0.0000000000, 0.0000000000, 0.0000000000
3.0000000000, 0.0000000000, 0.0000000000, 0.0000000000
    ~ 50 Vertex position / uv / normal / tangent / binormal 
-0.8927077055, 4.8248729706, -0.0527458452
0.8134999275, 0.1954498887, 
-0.9121839404, -0.2013219744, -0.3569171131
-0.0303069782, -0.8354650736, 0.5487073064
-0.4086586237, 0.5113390684, 0.7559963465
1.0000000000, 0.0000000000, 0.0000000000, 0.0000000000
3.0000000000, 0.0000000000, 0.0000000000, 0.0000000000
    ~ 51 Vertex position / uv / normal / tangent / binormal 
-0.8927077055, 4.8248729706, -0.0527458452
0.8134999275, 0.1954498887, 
-0.9121839404, -0.2013219744, -0.3569171131
-0.0303069782, -0.8354650736, 0.5487073064
-0.4086586237, 0.5113390684, 0.7559963465
1.0000000000, 0.0000000000, 0.0000000000, 0.0000000000
3.0000000000, 0.0000000000, 0.0000000000, 0.0000000000
    ~ 52 Vertex position / uv / normal / tangent / binormal 
-0.9252406359, 4.9450139999, -0.0373668633
0.8059793711, 0.2027115226, 
-0.8821930289, -0.1833695173, -0.4337179065
-0.0828176215, -0.8462868929, 0.5262506604
-0.4635480642, 0.5001741052, 0.7314020991
1.0000000000, 0.0000000000, 0.0000000000, 0.0000000000
3.0000000000, 0.0000000000, 0.0000000000, 0.0000000000
    ~ 53 Vertex position / uv / normal / tangent / binormal 
-0.8966280222, 4.9601650238, -0.0918013752
0.8026556373, 0.1982833743, 
-0.8526812792, -0.1675546467, -0.4948334992
-0.0880753621, -0.8875126243, 0.4522876441
-0.5149537921, 0.4292398095, 0.7420079112
1.0000000000, 0.0000000000, 0.0000000000, 0.0000000000
3.0000000000, 0.0000000000, 0.0000000000, 0.0000000000
    ~ 54 Vertex position / uv / normal / tangent / binormal 
-0.9252406359, 4.9450139999, -0.0373668633
0.8059793711, 0.2027115226, 
-0.8852351308, -0.2444437891, -0.3957347274
-0.0628130138, -0.7801641822, 0.6224133372
-0.4608831406, 0.5758394599, 0.6752744913
1.0000000000, 0.0000000000, 0.0000000000, 0.0000000000
3.0000000000, 0.0000000000, 0.0000000000, 0.0000000000
    ~ 55 Vertex position / uv / normal / tangent / binormal 
-0.9205008745, 4.8141407967, 0.0328706689
0.8185836077, 0.2006058097, 
-0.9402698278, -0.2781907022, -0.1962203681
0.0981973782, -0.7735259533, 0.6261109114
-0.3259598017, 0.5694448948, 0.7546408176
1.0000000000, 0.0000000000, 0.0000000000, 0.0000000000
3.0000000000, 0.0000000000, 0.0000000000, 0.0000000000
    ~ 56 Vertex position / uv / normal / tangent / binormal 
-0.9532704353, 4.9187908173, 0.0415321775
0.8127729297, 0.2062841058, 
-0.9145110846, -0.2607645690, -0.3093078434
0.0221946295, -0.7957389951, 0.6052328944
-0.4039515853, 0.5466272235, 0.7334997058
1.0000000000, 0.0000000000, 0.0000000000, 0.0000000000
3.0000000000, 0.0000000000, 0.0000000000, 0.0000000000
    ~ 57 Vertex position / uv / normal / tangent / binormal 
-0.9532704353, 4.9187908173, 0.0415321775
0.8127729297, 0.2062841058, 
-0.9145110846, -0.2607645690, -0.3093078434
0.0221946295, -0.7957389951, 0.6052328944
-0.4039515853, 0.5466272235, 0.7334997058
1.0000000000, 0.0000000000, 0.0000000000, 0.0000000000
3.0000000000, 0.0000000000, 0.0000000000, 0.0000000000
    ~ 58 Vertex position / uv / normal / tangent / binormal 
-0.9205008745, 4.8141407967, 0.0328706689
0.8185836077, 0.2006058097, 
-0.9402698278, -0.2781907022, -0.1962203681
0.0981973782, -0.7735259533, 0.6261109114
-0.3259598017, 0.5694448948, 0.7546408176
1.0000000000, 0.0000000000, 0.0000000000, 0.0000000000
3.0000000000, 0.0000000000, 0.0000000000, 0.0000000000
    ~ 59 Vertex position / uv / normal / tangent / binormal 
-0.9320776463, 4.8234062195, 0.1181840748
0.8228296041, 0.2064689994, 
-0.9520199299, -0.2900253534, -0.0976895094
0.1754980236, -0.7788879275, 0.6021080017
-0.2507157922, 0.5560745597, 0.7924157977
1.0000000000, 0.0000000000, 0.0000000000, 0.0000000000
3.0000000000, 0.0000000000, 0.0000000000, 0.0000000000
    ~ 60 Vertex position / uv / normal / tangent / binormal 
-0.9205008745, 4.8141407967, 0.0328706689
0.8185836077, 0.2006058097, 
-0.9575710893, -0.2700656354, -0.1006090939
0.1329588592, -0.7237055302, 0.6771796346
-0.2556942999, 0.6350707412, 0.7289071083
1.0000000000, 0.0000000000, 0.0000000000, 0.0000000000
3.0000000000, 0.0000000000, 0.0000000000, 0.0000000000
    ~ 61 Vertex position / uv / normal / tangent / binormal 
-0.9018830061, 4.7105579376, 0.1337192506
0.8306834698, 0.2008506656, 
-0.9631093144, -0.2412943989, 0.1191531494
0.2545845509, -0.6734455228, 0.6940156221
-0.0872189328, 0.6987475157, 0.7100315094
1.0000000000, 0.0000000000, 0.0000000000, 0.0000000000
3.0000000000, 0.0000000000, 0.0000000000, 0.0000000000
    ~ 62 Vertex position / uv / normal / tangent / binormal 
-0.9320776463, 4.8234062195, 0.1181840748
0.8228296041, 0.2064689994, 
-0.9660614729, -0.2583089471, 0.0012955497
0.1856397688, -0.6907776594, 0.6988305449
-0.1796192676, 0.6753538251, 0.7152861357
1.0000000000, 0.0000000000, 0.0000000000, 0.0000000000
3.0000000000, 0.0000000000, 0.0000000000, 0.0000000000
    ~ 63 Vertex position / uv / normal / tangent / binormal 
-0.9320776463, 4.8234062195, 0.1181840748
0.8228296041, 0.2064689994, 
-0.9660614729, -0.2583089471, 0.0012955497
0.1856397688, -0.6907776594, 0.6988305449
-0.1796192676, 0.6753538251, 0.7152861357
1.0000000000, 0.0000000000, 0.0000000000, 0.0000000000
3.0000000000, 0.0000000000, 0.0000000000, 0.0000000000
    ~ 64 Vertex position / uv / normal / tangent / binormal 
-0.9018830061, 4.7105579376, 0.1337192506
0.8306834698, 0.2008506656, 
-0.9631093144, -0.2412943989, 0.1191531494
0.2545845509, -0.6734455228, 0.6940156221
-0.0872189328, 0.6987475157, 0.7100315094
1.0000000000, 0.0000000000, 0.0000000000, 0.0000000000
3.0000000000, 0.0000000000, 0.0000000000, 0.0000000000
    ~ 65 Vertex position / uv / normal / tangent / binormal 
-0.8849821091, 4.7244281769, 0.2352916449
0.8365882635, 0.2067728639, 
-0.9546149373, -0.2292485386, 0.1901457459
0.2947662473, -0.6356526613, 0.7134833932
-0.0426983759, 0.7371504903, 0.6743782759
1.0000000000, 0.0000000000, 0.0000000000, 0.0000000000
3.0000000000, 0.0000000000, 0.0000000000, 0.0000000000
    ~ 66 Vertex position / uv / normal / tangent / binormal 
-0.8927077055, 4.8248729706, -0.0527458452
0.8134999275, 0.1954498887, 
-0.9184682965, -0.2236436158, -0.3261893392
-0.0236843787, -0.7921799421, 0.6098278165
-0.3947848082, 0.5678331852, 0.7222953439
1.0000000000, 0.0000000000, 0.0000000000, 0.0000000000
3.0000000000, 0.0000000000, 0.0000000000, 0.0000000000
    ~ 67 Vertex position / uv / normal / tangent / binormal 
-0.8883532286, 4.7017264366, 0.0194253139
0.8247632384, 0.1939416528, 
-0.9537584186, -0.2534208596, -0.1616254300
0.0897002444, -0.7531965375, 0.6516509652
-0.2868776321, 0.6070197225, 0.7410993576
1.0000000000, 0.0000000000, 0.0000000000, 0.0000000000
3.0000000000, 0.0000000000, 0.0000000000, 0.0000000000
    ~ 68 Vertex position / uv / normal / tangent / binormal 
-0.9205008745, 4.8141407967, 0.0328706689
0.8185836077, 0.2006058097, 
-0.9428209066, -0.2422424406, -0.2289265841
0.0408051759, -0.7655746937, 0.6420517564
-0.3307925463, 0.5959983468, 0.7316845655
1.0000000000, 0.0000000000, 0.0000000000, 0.0000000000
3.0000000000, 0.0000000000, 0.0000000000, 0.0000000000
    ~ 69 Vertex position / uv / normal / tangent / binormal 
-0.9205008745, 4.8141407967, 0.0328706689
0.8185836077, 0.2006058097, 
-0.9428209066, -0.2422424406, -0.2289265841
0.0408051759, -0.7655746937, 0.6420517564
-0.3307925463, 0.5959983468, 0.7316845655
1.0000000000, 0.0000000000, 0.0000000000, 0.0000000000
3.0000000000, 0.0000000000, 0.0000000000, 0.0000000000
    ~ 70 Vertex position / uv / normal / tangent / binormal 
-0.8883532286, 4.7017264366, 0.0194253139
0.8247632384, 0.1939416528, 
-0.9537584186, -0.2534208596, -0.1616254300
0.0897002444, -0.7531965375, 0.6516509652
-0.2868776321, 0.6070197225, 0.7410993576
1.0000000000, 0.0000000000, 0.0000000000, 0.0000000000
3.0000000000, 0.0000000000, 0.0000000000, 0.0000000000
    ~ 71 Vertex position / uv / normal / tangent / binormal 
-0.9018830061, 4.7105579376, 0.1337192506
0.8306834698, 0.2008506656, 
-0.9601572752, -0.2634230554, -0.0933064595
0.1332892329, -0.7251285911, 0.6755905151
-0.2456253320, 0.6362364888, 0.7313490510
1.0000000000, 0.0000000000, 0.0000000000, 0.0000000000
3.0000000000, 0.0000000000, 0.0000000000, 0.0000000000
    ~ 72 Vertex position / uv / normal / tangent / binormal 
-0.8883532286, 4.7017264366, 0.0194253139
0.8247632384, 0.1939416528, 
-0.7988541722, -0.3249210119, -0.5062196851
-0.0531213582, -0.8001655936, 0.5974221230
-0.5991745591, 0.5041442513, 0.6219553947
1.0000000000, 0.0000000000, 0.0000000000, 0.0000000000
3.0000000000, 0.0000000000, 0.0000000000, 0.0000000000
    ~ 73 Vertex position / uv / normal / tangent / binormal 
-0.8927077055, 4.8248729706, -0.0527458452
0.8134999275, 0.1954498887, 
-0.7399976850, -0.2567391992, -0.6216819286
-0.1196296066, -0.8593084812, 0.4972700775
-0.6618853807, 0.4423503280, 0.6051727533
1.0000000000, 0.0000000000, 0.0000000000, 0.0000000000
3.0000000000, 0.0000000000, 0.0000000000, 0.0000000000
    ~ 74 Vertex position / uv / normal / tangent / binormal 
-0.8187102079, 4.6995096207, -0.0890543610
0.8195993900, 0.1855408549, 
-0.7572900653, -0.2755078971, -0.5921209455
-0.0947539881, -0.8507158756, 0.5170146227
-0.6461682916, 0.4476358593, 0.6181332469
1.0000000000, 0.0000000000, 0.0000000000, 0.0000000000
3.0000000000, 0.0000000000, 0.0000000000, 0.0000000000
    ~ 75 Vertex position / uv / normal / tangent / binormal 
-0.8187102079, 4.6995096207, -0.0890543610
0.8195993900, 0.1855408549, 
-0.7572900653, -0.2755078971, -0.5921209455
-0.0947539881, -0.8507158756, 0.5170146227
-0.6461682916, 0.4476358593, 0.6181332469
1.0000000000, 0.0000000000, 0.0000000000, 0.0000000000
3.0000000000, 0.0000000000, 0.0000000000, 0.0000000000
    ~ 76 Vertex position / uv / normal / tangent / binormal 
-0.8927077055, 4.8248729706, -0.0527458452
0.8134999275, 0.1954498887, 
-0.7399976850, -0.2567391992, -0.6216819286
-0.1196296066, -0.8593084812, 0.4972700775
-0.6618853807, 0.4423503280, 0.6051727533
1.0000000000, 0.0000000000, 0.0000000000, 0.0000000000
3.0000000000, 0.0000000000, 0.0000000000, 0.0000000000
    ~ 77 Vertex position / uv / normal / tangent / binormal 
-0.8157919645, 4.8364362717, -0.1276595742
0.8092612028, 0.1879073977, 
-0.6706257463, -0.1880189180, -0.7175722718
-0.1733752787, -0.9008238912, 0.3980670273
-0.7212504148, 0.3913633525, 0.5715178847
1.0000000000, 0.0000000000, 0.0000000000, 0.0000000000
3.0000000000, 0.0000000000, 0.0000000000, 0.0000000000
    ~ 78 Vertex position / uv / normal / tangent / binormal 
-0.7431164980, 4.8464994431, -0.0976493806
0.8075742722, 0.1816996932, 
0.3884139955, -0.0636009946, -0.9192875028
-0.1510078460, -0.9885219336, 0.0045877011
-0.9090276361, 0.1370376945, -0.3935599923
1.0000000000, 0.0000000000, 0.0000000000, 0.0000000000
3.0000000000, 0.0000000000, 0.0000000000, 0.0000000000
    ~ 79 Vertex position / uv / normal / tangent / binormal 
-0.7438529730, 4.7052574158, -0.0881887674
0.8183755875, 0.1798811555, 
0.1511693150, -0.2078818083, -0.9664021134
-0.1994175017, -0.9639502168, 0.1761605442
-0.9681841135, 0.1660874188, -0.1871749610
1.0000000000, 0.0000000000, 0.0000000000, 0.0000000000
3.0000000000, 0.0000000000, 0.0000000000, 0.0000000000
    ~ 80 Vertex position / uv / normal / tangent / binormal 
-0.8157919645, 4.8364362717, -0.1276595742
0.8092612028, 0.1879073977, 
0.2880549431, -0.1276003271, -0.9490745664
-0.1764008552, -0.9811928868, 0.0783788636
-0.9412264228, 0.1448401511, -0.3051462471
1.0000000000, 0.0000000000, 0.0000000000, 0.0000000000
3.0000000000, 0.0000000000, 0.0000000000, 0.0000000000
    ~ 81 Vertex position / uv / normal / tangent / binormal 
-0.8157919645, 4.8364362717, -0.1276595742
0.8092612028, 0.1879073977, 
0.2880549431, -0.1276003271, -0.9490745664
-0.1764008552, -0.9811928868, 0.0783788636
-0.9412264228, 0.1448401511, -0.3051462471
1.0000000000, 0.0000000000, 0.0000000000, 0.0000000000
3.0000000000, 0.0000000000, 0.0000000000, 0.0000000000
    ~ 82 Vertex position / uv / normal / tangent / binormal 
-0.7438529730, 4.7052574158, -0.0881887674
0.8183755875, 0.1798811555, 
0.1511693150, -0.2078818083, -0.9664021134
-0.1994175017, -0.9639502168, 0.1761605442
-0.9681841135, 0.1660874188, -0.1871749610
1.0000000000, 0.0000000000, 0.0000000000, 0.0000000000
3.0000000000, 0.0000000000, 0.0000000000, 0.0000000000
    ~ 83 Vertex position / uv / normal / tangent / binormal 
-0.8187102079, 4.6995096207, -0.0890543610
0.8195993900, 0.1855408549, 
0.0319955237, -0.2718536556, -0.9618065953
-0.2304617763, -0.9383752346, 0.2575642467
-0.9725552797, 0.2134187520, -0.0926756784
1.0000000000, 0.0000000000, 0.0000000000, 0.0000000000
3.0000000000, 0.0000000000, 0.0000000000, 0.0000000000
    ~ 84 Vertex position / uv / normal / tangent / binormal 
-0.7438529730, 4.7052574158, -0.0881887674
0.8183755875, 0.1798811555, 
0.0477916449, -0.4914661646, -0.8695843220
-0.1414835304, -0.8651322722, 0.4811741710
-0.9887863994, 0.1000357717, -0.1108804792
1.0000000000, 0.0000000000, 0.0000000000, 0.0000000000
3.0000000000, 0.0000000000, 0.0000000000, 0.0000000000
    ~ 85 Vertex position / uv / normal / tangent / binormal 
-0.7507306337, 4.5717577934, -0.0131160431
0.8301004171, 0.1787360907, 
-0.0854261369, -0.5422964692, -0.8358330727
-0.1290672123, -0.8258080482, 0.5489834547
-0.9879494905, 0.1547761858, 0.0005529001
1.0000000000, 0.0000000000, 0.0000000000, 0.0000000000
3.0000000000, 0.0000000000, 0.0000000000, 0.0000000000
    ~ 86 Vertex position / uv / normal / tangent / binormal 
-0.8187102079, 4.6995096207, -0.0890543610
0.8195993900, 0.1855408549, 
-0.0070386487, -0.5137172937, -0.8579307199
-0.1314484626, -0.8500317931, 0.5100658536
-0.9912980199, 0.1163638458, -0.0615442693
1.0000000000, 0.0000000000, 0.0000000000, 0.0000000000
3.0000000000, 0.0000000000, 0.0000000000, 0.0000000000
    ~ 87 Vertex position / uv / normal / tangent / binormal 
-0.8187102079, 4.6995096207, -0.0890543610
0.8195993900, 0.1855408549, 
-0.0070386487, -0.5137172937, -0.8579307199
-0.1314484626, -0.8500317931, 0.5100658536
-0.9912980199, 0.1163638458, -0.0615442693
1.0000000000, 0.0000000000, 0.0000000000, 0.0000000000
3.0000000000, 0.0000000000, 0.0000000000, 0.0000000000
    ~ 88 Vertex position / uv / normal / tangent / binormal 
-0.7507306337, 4.5717577934, -0.0131160431
0.8301004171, 0.1787360907, 
-0.0854261369, -0.5422964692, -0.8358330727
-0.1290672123, -0.8258080482, 0.5489834547
-0.9879494905, 0.1547761858, 0.0005529001
1.0000000000, 0.0000000000, 0.0000000000, 0.0000000000
3.0000000000, 0.0000000000, 0.0000000000, 0.0000000000
    ~ 89 Vertex position / uv / normal / tangent / binormal 
-0.8283183575, 4.5664939880, 0.0026798435
0.8314349651, 0.1847460270, 
-0.1293108761, -0.5566199422, -0.8206417561
-0.1207494214, -0.8125924468, 0.5701870918
-0.9842246771, 0.1728233844, 0.0378655009
1.0000000000, 0.0000000000, 0.0000000000, 0.0000000000
3.0000000000, 0.0000000000, 0.0000000000, 0.0000000000
    ~ 90 Vertex position / uv / normal / tangent / binormal 
-0.8691327572, 4.5905885696, 0.1167698503
0.8363962173, 0.1927457452, 
-0.8973442316, -0.3682441711, -0.2432481200
0.0832637027, -0.6825312972, 0.7260979414
-0.4334058166, 0.6313060522, 0.6431268454
1.0000000000, 0.0000000000, 0.0000000000, 0.0000000000
3.0000000000, 0.0000000000, 0.0000000000, 0.0000000000
    ~ 91 Vertex position / uv / normal / tangent / binormal 
-0.8883532286, 4.7017264366, 0.0194253139
0.8247632384, 0.1939416528, 
-0.8508370519, -0.3267693520, -0.4114585519
-0.0306723155, -0.7508651614, 0.6597428918
-0.5245336294, 0.5739541054, 0.6288411617
1.0000000000, 0.0000000000, 0.0000000000, 0.0000000000
3.0000000000, 0.0000000000, 0.0000000000, 0.0000000000
    ~ 92 Vertex position / uv / normal / tangent / binormal 
-0.8283183575, 4.5664939880, 0.0026798435
0.8314349651, 0.1847460270, 
-0.8661684990, -0.3390639722, -0.3671345413
0.0027058965, -0.7378044724, 0.6750090718
-0.4997447729, 0.5836781859, 0.6399804950
1.0000000000, 0.0000000000, 0.0000000000, 0.0000000000
3.0000000000, 0.0000000000, 0.0000000000, 0.0000000000
    ~ 93 Vertex position / uv / normal / tangent / binormal 
-0.8283183575, 4.5664939880, 0.0026798435
0.8314349651, 0.1847460270, 
-0.8661684990, -0.3390639722, -0.3671345413
0.0027058965, -0.7378044724, 0.6750090718
-0.4997447729, 0.5836781859, 0.6399804950
1.0000000000, 0.0000000000, 0.0000000000, 0.0000000000
3.0000000000, 0.0000000000, 0.0000000000, 0.0000000000
    ~ 94 Vertex position / uv / normal / tangent / binormal 
-0.8883532286, 4.7017264366, 0.0194253139
0.8247632384, 0.1939416528, 
-0.8508370519, -0.3267693520, -0.4114585519
-0.0306723155, -0.7508651614, 0.6597428918
-0.5245336294, 0.5739541054, 0.6288411617
1.0000000000, 0.0000000000, 0.0000000000, 0.0000000000
3.0000000000, 0.0000000000, 0.0000000000, 0.0000000000
    ~ 95 Vertex position / uv / normal / tangent / binormal 
-0.8187102079, 4.6995096207, -0.0890543610
0.8195993900, 0.1855408549, 
-0.8068428636, -0.2947944105, -0.5119580626
-0.0962749571, -0.7894019485, 0.6062802076
-0.5828686953, 0.5384615660, 0.6085419655
1.0000000000, 0.0000000000, 0.0000000000, 0.0000000000
3.0000000000, 0.0000000000, 0.0000000000, 0.0000000000
    ~ 96 Vertex position / uv / normal / tangent / binormal 
-0.8883532286, 4.7017264366, 0.0194253139
0.8247632384, 0.1939416528, 
-0.9636781216, -0.2496813089, -0.0947831571
0.1046406180, -0.6795312762, 0.7261456847
-0.2457131147, 0.6898525357, 0.6809762120
1.0000000000, 0.0000000000, 0.0000000000, 0.0000000000
3.0000000000, 0.0000000000, 0.0000000000, 0.0000000000
    ~ 97 Vertex position / uv / normal / tangent / binormal 
-0.8691327572, 4.5905885696, 0.1167698503
0.8363962173, 0.1927457452, 
-0.9629862309, -0.2675337791, 0.0329108946
0.2020479739, -0.6356112361, 0.7451006770
-0.1784210801, 0.7241712809, 0.6661396027
1.0000000000, 0.0000000000, 0.0000000000, 0.0000000000
3.0000000000, 0.0000000000, 0.0000000000, 0.0000000000
    ~ 98 Vertex position / uv / normal / tangent / binormal 
-0.9018830061, 4.7105579376, 0.1337192506
0.8306834698, 0.2008506656, 
-0.9650853276, -0.2616088688, -0.0130802793
0.1649310887, -0.6457144618, 0.7455539107
-0.2034896463, 0.7173658013, 0.6663169861
1.0000000000, 0.0000000000, 0.0000000000, 0.0000000000
3.0000000000, 0.0000000000, 0.0000000000, 0.0000000000
    ~ 99 Vertex position / uv / normal / tangent / binormal 
-0.9018830061, 4.7105579376, 0.1337192506
0.8306834698, 0.2008506656, 
-0.9650853276, -0.2616088688, -0.0130802793
0.1649310887, -0.6457144618, 0.7455539107
-0.2034896463, 0.7173658013, 0.6663169861
1.0000000000, 0.0000000000, 0.0000000000, 0.0000000000
3.0000000000, 0.0000000000, 0.0000000000, 0.0000000000
    ~ 100 Vertex position / uv / normal / tangent / binormal 
-0.8691327572, 4.5905885696, 0.1167698503
0.8363962173, 0.1927457452, 
-0.9629862309, -0.2675337791, 0.0329108946
0.2020479739, -0.6356112361, 0.7451006770
-0.1784210801, 0.7241712809, 0.6661396027
1.0000000000, 0.0000000000, 0.0000000000, 0.0000000000
3.0000000000, 0.0000000000, 0.0000000000, 0.0000000000
    ~ 101 Vertex position / uv / normal / tangent / binormal 
-0.8588900566, 4.6018795967, 0.2350970954
0.8433892727, 0.1990898252, 
-0.9549317956, -0.2760858238, 0.1090040728
0.2592620850, -0.5969958901, 0.7591963410
-0.1445283741, 0.7532413602, 0.6416689157
1.0000000000, 0.0000000000, 0.0000000000, 0.0000000000
3.0000000000, 0.0000000000, 0.0000000000, 0.0000000000
    ~ 102 Vertex position / uv / normal / tangent / binormal 
-0.9018830061, 4.7105579376, 0.1337192506
0.8306834698, 0.2008506656, 
-0.9606117010, -0.2048241496, 0.1878090501
0.2747254074, -0.5981842875, 0.7527957559
-0.0418463275, 0.7747403383, 0.6308932304
1.0000000000, 0.0000000000, 0.0000000000, 0.0000000000
3.0000000000, 0.0000000000, 0.0000000000, 0.0000000000
    ~ 103 Vertex position / uv / normal / tangent / binormal 
-0.8588900566, 4.6018795967, 0.2350970954
0.8433892727, 0.1990898252, 
-0.9519057870, -0.2030372173, 0.2294583619
0.3057508767, -0.5811114311, 0.7542055845
-0.0197909176, 0.7880897522, 0.6152421832
1.0000000000, 0.0000000000, 0.0000000000, 0.0000000000
3.0000000000, 0.0000000000, 0.0000000000, 0.0000000000
    ~ 104 Vertex position / uv / normal / tangent / binormal 
-0.8849821091, 4.7244281769, 0.2352916449
0.8365882635, 0.2067728639, 
-0.9571740031, -0.2041202486, 0.2053116858
0.2874295115, -0.5850625634, 0.7583442926
-0.0346732438, 0.7848801017, 0.6186768413
1.0000000000, 0.0000000000, 0.0000000000, 0.0000000000
3.0000000000, 0.0000000000, 0.0000000000, 0.0000000000
    ~ 105 Vertex position / uv / normal / tangent / binormal 
-0.8849821091, 4.7244281769, 0.2352916449
0.8365882635, 0.2067728639, 
-0.9571740031, -0.2041202486, 0.2053116858
