  //v File Header --------------------
  # Mesh count [(int)]
9
  # Material count [(int)]
1
  //^ File Header --------------------

    //v Mesh 0 Header  --------------------

  # Mesh name [(char) * 256]: 
goalDoorRight
  # Material count [(int)]: 
1
  # Vertex count [(int)]: 
36
    //^ Mesh 0 Header  --------------------

  * 0 Vertex position / uv / normal / tangent / binormal [(float) * 14 * vertex count]
-0.51128, -2.85282, 17.41129
0.37500, 0.00000, 
-0.48596, 0.00000, 0.87398
0.87398, 0.00000, 0.48596
0.00000, 1.00000, -0.00000

  * 1 Vertex position / uv / normal / tangent / binormal [(float) * 14 * vertex count]
-0.51128, -2.85282, 17.51735
0.62500, 0.00000, 
-0.48596, 0.00000, 0.87398
0.87398, 0.00000, 0.48596
0.00000, 1.00000, -0.00000

  * 2 Vertex position / uv / normal / tangent / binormal [(float) * 14 * vertex count]
-0.51128, -0.49661, 17.41129
0.37500, 0.25000, 
-0.48595, 0.00000, 0.87399
0.87399, -0.00000, 0.48595
0.00000, 1.00000, 0.00000

  * 3 Vertex position / uv / normal / tangent / binormal [(float) * 14 * vertex count]
-0.51128, -0.49661, 17.41129
0.37500, 0.25000, 
-0.48595, 0.00000, 0.87399
0.87399, -0.00000, 0.48595
0.00000, 1.00000, 0.00000

  * 4 Vertex position / uv / normal / tangent / binormal [(float) * 14 * vertex count]
-0.51128, -2.85282, 17.51735
0.62500, 0.00000, 
-0.48596, 0.00000, 0.87398
0.87398, 0.00000, 0.48596
0.00000, 1.00000, -0.00000

  * 5 Vertex position / uv / normal / tangent / binormal [(float) * 14 * vertex count]
-0.51128, -0.49661, 17.51735
0.62500, 0.25000, 
-0.48595, 0.00000, 0.87399
0.87399, -0.00000, 0.48595
0.00000, 1.00000, 0.00000

  * 6 Vertex position / uv / normal / tangent / binormal [(float) * 14 * vertex count]
-0.51128, -0.49661, 17.41129
0.37500, 0.25000, 
0.00000, 1.00000, 0.00000
0.87398, -0.00000, 0.48596
0.48596, 0.00000, -0.87398

  * 7 Vertex position / uv / normal / tangent / binormal [(float) * 14 * vertex count]
-0.51128, -0.49661, 17.51735
0.62500, 0.25000, 
0.00000, 1.00000, 0.00000
0.87398, -0.00000, 0.48596
0.48596, 0.00000, -0.87398

  * 8 Vertex position / uv / normal / tangent / binormal [(float) * 14 * vertex count]
-0.51128, -0.49661, 16.58269
0.37500, 0.50000, 
0.00000, 1.00000, 0.00000
0.87398, -0.00000, 0.48596
0.48596, 0.00000, -0.87398

  * 9 Vertex position / uv / normal / tangent / binormal [(float) * 14 * vertex count]
-0.51128, -0.49661, 16.58269
0.37500, 0.50000, 
0.00000, 1.00000, 0.00000
0.87399, 0.00000, 0.48595
0.48595, 0.00000, -0.87399

  * 10 Vertex position / uv / normal / tangent / binormal [(float) * 14 * vertex count]
-0.51128, -0.49661, 17.51735
0.62500, 0.25000, 
0.00000, 1.00000, 0.00000
0.87399, 0.00000, 0.48595
0.48595, 0.00000, -0.87399

  * 11 Vertex position / uv / normal / tangent / binormal [(float) * 14 * vertex count]
-0.51128, -0.49661, 16.68875
0.62500, 0.50000, 
0.00000, 1.00000, 0.00000
0.87399, 0.00000, 0.48595
0.48595, 0.00000, -0.87399

  * 12 Vertex position / uv / normal / tangent / binormal [(float) * 14 * vertex count]
-0.51128, -0.49661, 16.58269
0.37500, 0.50000, 
0.48595, 0.00000, -0.87399
0.87399, 0.00000, 0.48595
0.00000, -1.00000, 0.00000

  * 13 Vertex position / uv / normal / tangent / binormal [(float) * 14 * vertex count]
-0.51128, -0.49661, 16.68875
0.62500, 0.50000, 
0.48595, 0.00000, -0.87399
0.87399, 0.00000, 0.48595
0.00000, -1.00000, 0.00000

  * 14 Vertex position / uv / normal / tangent / binormal [(float) * 14 * vertex count]
-0.51128, -2.85282, 16.58269
0.37500, 0.75000, 
0.48595, 0.00000, -0.87399
0.87399, 0.00000, 0.48595
0.00000, -1.00000, 0.00000

  * 15 Vertex position / uv / normal / tangent / binormal [(float) * 14 * vertex count]
-0.51128, -2.85282, 16.58269
0.37500, 0.75000, 
0.48595, 0.00000, -0.87399
0.87399, 0.00000, 0.48595
0.00000, -1.00000, 0.00000

  * 16 Vertex position / uv / normal / tangent / binormal [(float) * 14 * vertex count]
-0.51128, -0.49661, 16.68875
0.62500, 0.50000, 
0.48595, 0.00000, -0.87399
0.87399, 0.00000, 0.48595
0.00000, -1.00000, 0.00000

  * 17 Vertex position / uv / normal / tangent / binormal [(float) * 14 * vertex count]
-0.51128, -2.85282, 16.68875
0.62500, 0.75000, 
0.48595, 0.00000, -0.87399
0.87399, 0.00000, 0.48595
0.00000, -1.00000, 0.00000

  * 18 Vertex position / uv / normal / tangent / binormal [(float) * 14 * vertex count]
-0.51128, -2.85282, 16.68875
0.62500, 0.75000, 
0.00000, -1.00000, 0.00000
0.87399, 0.00000, 0.48595
-0.48595, 0.00000, 0.87399

  * 19 Vertex position / uv / normal / tangent / binormal [(float) * 14 * vertex count]
-0.51128, -2.85282, 17.51735
0.62500, 1.00000, 
0.00000, -1.00000, 0.00000
0.87399, 0.00000, 0.48595
-0.48595, 0.00000, 0.87399

  * 20 Vertex position / uv / normal / tangent / binormal [(float) * 14 * vertex count]
-0.51128, -2.85282, 16.58269
0.37500, 0.75000, 
0.00000, -1.00000, 0.00000
0.87399, 0.00000, 0.48595
-0.48595, 0.00000, 0.87399

  * 21 Vertex position / uv / normal / tangent / binormal [(float) * 14 * vertex count]
-0.51128, -2.85282, 16.58269
0.37500, 0.75000, 
0.00000, -1.00000, 0.00000
0.87398, 0.00000, 0.48596
-0.48596, 0.00000, 0.87398

  * 22 Vertex position / uv / normal / tangent / binormal [(float) * 14 * vertex count]
-0.51128, -2.85282, 17.51735
0.62500, 1.00000, 
0.00000, -1.00000, 0.00000
0.87398, 0.00000, 0.48596
-0.48596, 0.00000, 0.87398

  * 23 Vertex position / uv / normal / tangent / binormal [(float) * 14 * vertex count]
-0.51128, -2.85282, 17.41129
0.37500, 1.00000, 
0.00000, -1.00000, 0.00000
0.87398, 0.00000, 0.48596
-0.48596, 0.00000, 0.87398

  * 24 Vertex position / uv / normal / tangent / binormal [(float) * 14 * vertex count]
-0.51128, -2.85282, 17.51735
0.62500, 0.00000, 
0.86885, 0.00000, 0.49507
0.49507, -0.00000, -0.86885
0.00000, 1.00000, -0.00000

  * 25 Vertex position / uv / normal / tangent / binormal [(float) * 14 * vertex count]
-0.51128, -2.85282, 16.68875
0.87500, 0.00000, 
0.86885, 0.00000, 0.49507
0.49507, -0.00000, -0.86885
0.00000, 1.00000, -0.00000

  * 26 Vertex position / uv / normal / tangent / binormal [(float) * 14 * vertex count]
-0.51128, -0.49661, 17.51735
0.62500, 0.25000, 
0.86885, 0.00000, 0.49507
0.49507, 0.00000, -0.86885
-0.00000, 1.00000, 0.00000

  * 27 Vertex position / uv / normal / tangent / binormal [(float) * 14 * vertex count]
-0.51128, -0.49661, 17.51735
0.62500, 0.25000, 
0.86885, 0.00000, 0.49507
0.49507, 0.00000, -0.86885
-0.00000, 1.00000, 0.00000

  * 28 Vertex position / uv / normal / tangent / binormal [(float) * 14 * vertex count]
-0.51128, -2.85282, 16.68875
0.87500, 0.00000, 
0.86885, 0.00000, 0.49507
0.49507, -0.00000, -0.86885
0.00000, 1.00000, -0.00000

  * 29 Vertex position / uv / normal / tangent / binormal [(float) * 14 * vertex count]
-0.51128, -0.49661, 16.68875
0.87500, 0.25000, 
0.86885, 0.00000, 0.49507
0.49507, 0.00000, -0.86885
-0.00000, 1.00000, 0.00000

  * 30 Vertex position / uv / normal / tangent / binormal [(float) * 14 * vertex count]
-0.51128, -2.85282, 16.58269
0.12500, 0.00000, 
-0.86885, 0.00000, -0.49507
-0.49507, -0.00000, 0.86885
0.00000, 1.00000, 0.00000

  * 31 Vertex position / uv / normal / tangent / binormal [(float) * 14 * vertex count]
-0.51128, -2.85282, 17.41129
0.37500, 0.00000, 
-0.86885, 0.00000, -0.49507
-0.49507, -0.00000, 0.86885
0.00000, 1.00000, 0.00000

  * 32 Vertex position / uv / normal / tangent / binormal [(float) * 14 * vertex count]
-0.51128, -0.49661, 16.58269
0.12500, 0.25000, 
-0.86885, 0.00000, -0.49507
-0.49507, -0.00000, 0.86885
0.00000, 1.00000, 0.00000

  * 33 Vertex position / uv / normal / tangent / binormal [(float) * 14 * vertex count]
-0.51128, -0.49661, 16.58269
0.12500, 0.25000, 
-0.86885, 0.00000, -0.49507
-0.49507, -0.00000, 0.86885
0.00000, 1.00000, 0.00000

  * 34 Vertex position / uv / normal / tangent / binormal [(float) * 14 * vertex count]
-0.51128, -2.85282, 17.41129
0.37500, 0.00000, 
-0.86885, 0.00000, -0.49507
-0.49507, -0.00000, 0.86885
0.00000, 1.00000, 0.00000

  * 35 Vertex position / uv / normal / tangent / binormal [(float) * 14 * vertex count]
-0.51128, -0.49661, 17.41129
0.37500, 0.25000, 
-0.86885, 0.00000, -0.49507
-0.49507, -0.00000, 0.86885
0.00000, 1.00000, 0.00000


    //v Mesh 1 Header  --------------------

  # Mesh name [(char) * 256]: 
goalDoorBody
  # Material count [(int)]: 
1
  # Vertex count [(int)]: 
36
    //^ Mesh 1 Header  --------------------

  * 0 Vertex position / uv / normal / tangent / binormal [(float) * 14 * vertex count]
-1.85877, -2.85282, 17.43572
0.37500, 0.00000, 
-0.99976, 0.00000, 0.02212
0.02212, -0.00000, 0.99976
0.00000, 1.00000, 0.00000

  * 1 Vertex position / uv / normal / tangent / binormal [(float) * 14 * vertex count]
-1.85877, -2.85282, 18.18008
0.62500, 0.00000, 
-0.99976, 0.00000, 0.02212
0.02212, -0.00000, 0.99976
0.00000, 1.00000, 0.00000

  * 2 Vertex position / uv / normal / tangent / binormal [(float) * 14 * vertex count]
-1.85877, -0.49661, 17.43572
0.37500, 0.25000, 
-0.99976, 0.00000, 0.02212
0.02212, -0.00000, 0.99976
0.00000, 1.00000, 0.00000

  * 3 Vertex position / uv / normal / tangent / binormal [(float) * 14 * vertex count]
-1.85877, -0.49661, 17.43572
0.37500, 0.25000, 
-0.99976, 0.00000, 0.02212
0.02212, -0.00000, 0.99976
0.00000, 1.00000, 0.00000

  * 4 Vertex position / uv / normal / tangent / binormal [(float) * 14 * vertex count]
-1.85877, -2.85282, 18.18008
0.62500, 0.00000, 
-0.99976, 0.00000, 0.02212
0.02212, -0.00000, 0.99976
0.00000, 1.00000, 0.00000

  * 5 Vertex position / uv / normal / tangent / binormal [(float) * 14 * vertex count]
-1.85877, -0.49661, 18.18008
0.62500, 0.25000, 
-0.99976, 0.00000, 0.02212
0.02212, 0.00000, 0.99976
0.00000, 1.00000, -0.00000

  * 6 Vertex position / uv / normal / tangent / binormal [(float) * 14 * vertex count]
-1.85877, -0.49661, 17.43572
0.37500, 0.25000, 
0.00000, 1.00000, 0.00000
0.02212, -0.00000, 0.99976
0.99976, 0.00000, -0.02212

  * 7 Vertex position / uv / normal / tangent / binormal [(float) * 14 * vertex count]
-1.85877, -0.49661, 18.18008
0.62500, 0.25000, 
0.00000, 1.00000, -0.00000
0.02212, 0.00000, 0.99976
0.99976, -0.00000, -0.02212

  * 8 Vertex position / uv / normal / tangent / binormal [(float) * 14 * vertex count]
-1.85877, -0.49661, 17.41442
0.37500, 0.50000, 
0.00000, 1.00000, -0.00000
0.02212, 0.00000, 0.99976
0.99976, -0.00000, -0.02212

  * 9 Vertex position / uv / normal / tangent / binormal [(float) * 14 * vertex count]
-1.85877, -0.49661, 17.41442
0.37500, 0.50000, 
0.00000, 1.00000, -0.00000
0.02212, 0.00000, 0.99976
0.99976, -0.00000, -0.02212

  * 10 Vertex position / uv / normal / tangent / binormal [(float) * 14 * vertex count]
-1.85877, -0.49661, 18.18008
0.62500, 0.25000, 
0.00000, 1.00000, -0.00000
0.02212, 0.00000, 0.99976
0.99976, -0.00000, -0.02212

  * 11 Vertex position / uv / normal / tangent / binormal [(float) * 14 * vertex count]
-1.85877, -0.49661, 18.15879
0.62500, 0.50000, 
0.00000, 1.00000, -0.00000
0.02212, 0.00000, 0.99976
0.99976, -0.00000, -0.02212

  * 12 Vertex position / uv / normal / tangent / binormal [(float) * 14 * vertex count]
-1.85877, -0.49661, 17.41442
0.37500, 0.50000, 
0.99976, 0.00000, -0.02212
0.02212, 0.00000, 0.99976
0.00000, -1.00000, 0.00000

  * 13 Vertex position / uv / normal / tangent / binormal [(float) * 14 * vertex count]
-1.85877, -0.49661, 18.15879
0.62500, 0.50000, 
0.99976, 0.00000, -0.02212
0.02212, 0.00000, 0.99976
0.00000, -1.00000, 0.00000

  * 14 Vertex position / uv / normal / tangent / binormal [(float) * 14 * vertex count]
-1.85877, -2.85282, 17.41442
0.37500, 0.75000, 
0.99976, 0.00000, -0.02212
0.02212, 0.00000, 0.99976
0.00000, -1.00000, 0.00000

  * 15 Vertex position / uv / normal / tangent / binormal [(float) * 14 * vertex count]
-1.85877, -2.85282, 17.41442
0.37500, 0.75000, 
0.99976, 0.00000, -0.02212
0.02212, 0.00000, 0.99976
0.00000, -1.00000, 0.00000

  * 16 Vertex position / uv / normal / tangent / binormal [(float) * 14 * vertex count]
-1.85877, -0.49661, 18.15879
0.62500, 0.50000, 
0.99976, 0.00000, -0.02212
0.02212, 0.00000, 0.99976
0.00000, -1.00000, 0.00000

  * 17 Vertex position / uv / normal / tangent / binormal [(float) * 14 * vertex count]
-1.85877, -2.85282, 18.15879
0.62500, 0.75000, 
0.99976, 0.00000, -0.02212
0.02212, 0.00000, 0.99976
0.00000, -1.00000, 0.00000

  * 18 Vertex position / uv / normal / tangent / binormal [(float) * 14 * vertex count]
-1.85877, -2.85282, 18.15879
0.62500, 0.75000, 
0.00000, -1.00000, 0.00000
0.02212, 0.00000, 0.99976
-0.99976, 0.00000, 0.02212

  * 19 Vertex position / uv / normal / tangent / binormal [(float) * 14 * vertex count]
-1.85877, -2.85282, 18.18008
0.62500, 1.00000, 
0.00000, -1.00000, 0.00000
0.02212, 0.00000, 0.99976
-0.99976, 0.00000, 0.02212

  * 20 Vertex position / uv / normal / tangent / binormal [(float) * 14 * vertex count]
-1.85877, -2.85282, 17.41442
0.37500, 0.75000, 
0.00000, -1.00000, 0.00000
0.02212, 0.00000, 0.99976
-0.99976, 0.00000, 0.02212

  * 21 Vertex position / uv / normal / tangent / binormal [(float) * 14 * vertex count]
-1.85877, -2.85282, 17.41442
0.37500, 0.75000, 
0.00000, -1.00000, 0.00000
0.02212, 0.00000, 0.99976
-0.99976, 0.00000, 0.02212

  * 22 Vertex position / uv / normal / tangent / binormal [(float) * 14 * vertex count]
-1.85877, -2.85282, 18.18008
0.62500, 1.00000, 
0.00000, -1.00000, 0.00000
0.02212, 0.00000, 0.99976
-0.99976, 0.00000, 0.02212

  * 23 Vertex position / uv / normal / tangent / binormal [(float) * 14 * vertex count]
-1.85877, -2.85282, 17.43572
0.37500, 1.00000, 
0.00000, -1.00000, 0.00000
0.02212, 0.00000, 0.99976
-0.99976, 0.00000, 0.02212

  * 24 Vertex position / uv / normal / tangent / binormal [(float) * 14 * vertex count]
-1.85877, -2.85282, 18.18008
0.62500, 0.00000, 
0.01308, 0.00000, 0.99991
0.99991, 0.00000, -0.01308
-0.00000, 1.00000, 0.00000

  * 25 Vertex position / uv / normal / tangent / binormal [(float) * 14 * vertex count]
-1.85877, -2.85282, 18.15879
0.87500, 0.00000, 
0.01308, 0.00000, 0.99991
0.99991, 0.00000, -0.01308
-0.00000, 1.00000, 0.00000

  * 26 Vertex position / uv / normal / tangent / binormal [(float) * 14 * vertex count]
-1.85877, -0.49661, 18.18008
0.62500, 0.25000, 
0.01308, 0.00000, 0.99991
0.99991, 0.00000, -0.01308
-0.00000, 1.00000, 0.00000

  * 27 Vertex position / uv / normal / tangent / binormal [(float) * 14 * vertex count]
-1.85877, -0.49661, 18.18008
0.62500, 0.25000, 
0.01308, 0.00000, 0.99991
0.99991, 0.00000, -0.01308
-0.00000, 1.00000, 0.00000

  * 28 Vertex position / uv / normal / tangent / binormal [(float) * 14 * vertex count]
-1.85877, -2.85282, 18.15879
0.87500, 0.00000, 
0.01308, 0.00000, 0.99991
0.99991, 0.00000, -0.01308
-0.00000, 1.00000, 0.00000

  * 29 Vertex position / uv / normal / tangent / binormal [(float) * 14 * vertex count]
-1.85877, -0.49661, 18.15879
0.87500, 0.25000, 
0.01308, 0.00000, 0.99991
0.99991, 0.00000, -0.01308
-0.00000, 1.00000, 0.00000

  * 30 Vertex position / uv / normal / tangent / binormal [(float) * 14 * vertex count]
-1.85877, -2.85282, 17.41442
0.12500, 0.00000, 
-0.01308, 0.00000, -0.99991
-0.99991, 0.00000, 0.01308
0.00000, 1.00000, 0.00000

  * 31 Vertex position / uv / normal / tangent / binormal [(float) * 14 * vertex count]
-1.85877, -2.85282, 17.43572
0.37500, 0.00000, 
-0.01308, 0.00000, -0.99991
-0.99991, -0.00000, 0.01308
0.00000, 1.00000, 0.00000

  * 32 Vertex position / uv / normal / tangent / binormal [(float) * 14 * vertex count]
-1.85877, -0.49661, 17.41442
0.12500, 0.25000, 
-0.01308, 0.00000, -0.99991
-0.99991, -0.00000, 0.01308
0.00000, 1.00000, 0.00000

  * 33 Vertex position / uv / normal / tangent / binormal [(float) * 14 * vertex count]
-1.85877, -0.49661, 17.41442
0.12500, 0.25000, 
-0.01308, 0.00000, -0.99991
-0.99991, -0.00000, 0.01308
0.00000, 1.00000, 0.00000

  * 34 Vertex position / uv / normal / tangent / binormal [(float) * 14 * vertex count]
-1.85877, -2.85282, 17.43572
0.37500, 0.00000, 
-0.01308, 0.00000, -0.99991
-0.99991, -0.00000, 0.01308
0.00000, 1.00000, 0.00000

  * 35 Vertex position / uv / normal / tangent / binormal [(float) * 14 * vertex count]
-1.85877, -0.49661, 17.43572
0.37500, 0.25000, 
-0.01308, 0.00000, -0.99991
-0.99991, -0.00000, 0.01308
0.00000, 1.00000, 0.00000


    //v Mesh 2 Header  --------------------

  # Mesh name [(char) * 256]: 
cube1
  # Material count [(int)]: 
1
  # Vertex count [(int)]: 
36
    //^ Mesh 2 Header  --------------------

  * 0 Vertex position / uv / normal / tangent / binormal [(float) * 14 * vertex count]
-1.77126, -3.76979, 12.96673
0.37500, 0.00000, 
0.00000, 0.00000, 1.00000
1.00000, -0.00000, -0.00000
0.00000, 1.00000, -0.00000

  * 1 Vertex position / uv / normal / tangent / binormal [(float) * 14 * vertex count]
-1.77126, -3.76979, 12.96673
0.62500, 0.00000, 
0.00000, 0.00000, 1.00000
1.00000, -0.00000, -0.00000
0.00000, 1.00000, -0.00000

  * 2 Vertex position / uv / normal / tangent / binormal [(float) * 14 * vertex count]
-1.77126, -2.76979, 12.96673
0.37500, 0.25000, 
0.00000, 0.00000, 1.00000
1.00000, -0.00000, -0.00000
0.00000, 1.00000, -0.00000

  * 3 Vertex position / uv / normal / tangent / binormal [(float) * 14 * vertex count]
-1.77126, -2.76979, 12.96673
0.37500, 0.25000, 
0.00000, 0.00000, 1.00000
1.00000, -0.00000, 0.00000
0.00000, 1.00000, -0.00000

  * 4 Vertex position / uv / normal / tangent / binormal [(float) * 14 * vertex count]
-1.77126, -3.76979, 12.96673
0.62500, 0.00000, 
0.00000, 0.00000, 1.00000
1.00000, -0.00000, 0.00000
0.00000, 1.00000, -0.00000

  * 5 Vertex position / uv / normal / tangent / binormal [(float) * 14 * vertex count]
-1.77126, -2.76979, 12.96673
0.62500, 0.25000, 
0.00000, 0.00000, 1.00000
1.00000, -0.00000, 0.00000
0.00000, 1.00000, -0.00000

  * 6 Vertex position / uv / normal / tangent / binormal [(float) * 14 * vertex count]
-1.77126, -2.76979, 12.96673
0.37500, 0.25000, 
0.00000, 1.00000, 0.00000
1.00000, -0.00000, 0.00000
0.00000, 0.00000, -1.00000

  * 7 Vertex position / uv / normal / tangent / binormal [(float) * 14 * vertex count]
-1.77126, -2.76979, 12.96673
0.62500, 0.25000, 
0.00000, 1.00000, 0.00000
1.00000, -0.00000, 0.00000
0.00000, 0.00000, -1.00000

  * 8 Vertex position / uv / normal / tangent / binormal [(float) * 14 * vertex count]
-1.77126, -2.76979, 11.96673
0.37500, 0.50000, 
0.00000, 1.00000, 0.00000
1.00000, -0.00000, 0.00000
0.00000, 0.00000, -1.00000

  * 9 Vertex position / uv / normal / tangent / binormal [(float) * 14 * vertex count]
-1.77126, -2.76979, 11.96673
0.37500, 0.50000, 
0.00000, 1.00000, 0.00000
1.00000, 0.00000, 0.00000
0.00000, 0.00000, -1.00000

  * 10 Vertex position / uv / normal / tangent / binormal [(float) * 14 * vertex count]
-1.77126, -2.76979, 12.96673
0.62500, 0.25000, 
0.00000, 1.00000, 0.00000
1.00000, 0.00000, 0.00000
0.00000, 0.00000, -1.00000

  * 11 Vertex position / uv / normal / tangent / binormal [(float) * 14 * vertex count]
-1.77126, -2.76979, 11.96673
0.62500, 0.50000, 
0.00000, 1.00000, 0.00000
1.00000, 0.00000, 0.00000
0.00000, 0.00000, -1.00000

  * 12 Vertex position / uv / normal / tangent / binormal [(float) * 14 * vertex count]
-1.77126, -2.76979, 11.96673
0.37500, 0.50000, 
0.00000, 0.00000, -1.00000
1.00000, 0.00000, 0.00000
0.00000, -1.00000, 0.00000

  * 13 Vertex position / uv / normal / tangent / binormal [(float) * 14 * vertex count]
-1.77126, -2.76979, 11.96673
0.62500, 0.50000, 
0.00000, 0.00000, -1.00000
1.00000, 0.00000, 0.00000
0.00000, -1.00000, 0.00000

  * 14 Vertex position / uv / normal / tangent / binormal [(float) * 14 * vertex count]
-1.77126, -3.76979, 11.96673
0.37500, 0.75000, 
0.00000, 0.00000, -1.00000
1.00000, 0.00000, 0.00000
0.00000, -1.00000, 0.00000

  * 15 Vertex position / uv / normal / tangent / binormal [(float) * 14 * vertex count]
-1.77126, -3.76979, 11.96673
0.37500, 0.75000, 
0.00000, 0.00000, -1.00000
1.00000, 0.00000, 0.00000
0.00000, -1.00000, 0.00000

  * 16 Vertex position / uv / normal / tangent / binormal [(float) * 14 * vertex count]
-1.77126, -2.76979, 11.96673
0.62500, 0.50000, 
0.00000, 0.00000, -1.00000
1.00000, 0.00000, 0.00000
0.00000, -1.00000, 0.00000

  * 17 Vertex position / uv / normal / tangent / binormal [(float) * 14 * vertex count]
-1.77126, -3.76979, 11.96673
0.62500, 0.75000, 
0.00000, 0.00000, -1.00000
1.00000, 0.00000, 0.00000
0.00000, -1.00000, 0.00000

  * 18 Vertex position / uv / normal / tangent / binormal [(float) * 14 * vertex count]
-1.77126, -3.76979, 11.96673
0.37500, 0.75000, 
0.00000, -1.00000, 0.00000
1.00000, 0.00000, -0.00000
0.00000, 0.00000, 1.00000

  * 19 Vertex position / uv / normal / tangent / binormal [(float) * 14 * vertex count]
-1.77126, -3.76979, 11.96673
0.62500, 0.75000, 
0.00000, -1.00000, 0.00000
1.00000, 0.00000, -0.00000
0.00000, 0.00000, 1.00000

  * 20 Vertex position / uv / normal / tangent / binormal [(float) * 14 * vertex count]
-1.77126, -3.76979, 12.96673
0.37500, 1.00000, 
0.00000, -1.00000, 0.00000
1.00000, 0.00000, -0.00000
0.00000, 0.00000, 1.00000

  * 21 Vertex position / uv / normal / tangent / binormal [(float) * 14 * vertex count]
-1.77126, -3.76979, 12.96673
0.37500, 1.00000, 
0.00000, -1.00000, 0.00000
1.00000, 0.00000, -0.00000
0.00000, 0.00000, 1.00000

  * 22 Vertex position / uv / normal / tangent / binormal [(float) * 14 * vertex count]
-1.77126, -3.76979, 11.96673
0.62500, 0.75000, 
0.00000, -1.00000, 0.00000
1.00000, 0.00000, -0.00000
0.00000, 0.00000, 1.00000

  * 23 Vertex position / uv / normal / tangent / binormal [(float) * 14 * vertex count]
-1.77126, -3.76979, 12.96673
0.62500, 1.00000, 
0.00000, -1.00000, 0.00000
1.00000, 0.00000, -0.00000
0.00000, 0.00000, 1.00000

  * 24 Vertex position / uv / normal / tangent / binormal [(float) * 14 * vertex count]
-1.77126, -3.76979, 12.96673
0.62500, 0.00000, 
1.00000, 0.00000, 0.00000
0.00000, 0.00000, -1.00000
-0.00000, 1.00000, 0.00000

  * 25 Vertex position / uv / normal / tangent / binormal [(float) * 14 * vertex count]
-1.77126, -3.76979, 11.96673
0.87500, 0.00000, 
1.00000, 0.00000, 0.00000
0.00000, 0.00000, -1.00000
-0.00000, 1.00000, 0.00000

  * 26 Vertex position / uv / normal / tangent / binormal [(float) * 14 * vertex count]
-1.77126, -2.76979, 12.96673
0.62500, 0.25000, 
1.00000, 0.00000, 0.00000
0.00000, 0.00000, -1.00000
-0.00000, 1.00000, 0.00000

  * 27 Vertex position / uv / normal / tangent / binormal [(float) * 14 * vertex count]
-1.77126, -2.76979, 12.96673
0.62500, 0.25000, 
1.00000, 0.00000, 0.00000
0.00000, -0.00000, -1.00000
0.00000, 1.00000, -0.00000

  * 28 Vertex position / uv / normal / tangent / binormal [(float) * 14 * vertex count]
-1.77126, -3.76979, 11.96673
0.87500, 0.00000, 
1.00000, 0.00000, 0.00000
0.00000, -0.00000, -1.00000
0.00000, 1.00000, -0.00000

  * 29 Vertex position / uv / normal / tangent / binormal [(float) * 14 * vertex count]
-1.77126, -2.76979, 11.96673
0.87500, 0.25000, 
1.00000, 0.00000, 0.00000
0.00000, -0.00000, -1.00000
0.00000, 1.00000, -0.00000

  * 30 Vertex position / uv / normal / tangent / binormal [(float) * 14 * vertex count]
-1.77126, -3.76979, 11.96673
0.12500, 0.00000, 
-1.00000, 0.00000, 0.00000
0.00000, -0.00000, 1.00000
0.00000, 1.00000, 0.00000

  * 31 Vertex position / uv / normal / tangent / binormal [(float) * 14 * vertex count]
-1.77126, -3.76979, 12.96673
0.37500, 0.00000, 
-1.00000, 0.00000, 0.00000
0.00000, -0.00000, 1.00000
0.00000, 1.00000, 0.00000

  * 32 Vertex position / uv / normal / tangent / binormal [(float) * 14 * vertex count]
-1.77126, -2.76979, 11.96673
0.12500, 0.25000, 
-1.00000, 0.00000, 0.00000
0.00000, -0.00000, 1.00000
0.00000, 1.00000, 0.00000

  * 33 Vertex position / uv / normal / tangent / binormal [(float) * 14 * vertex count]
-1.77126, -2.76979, 11.96673
0.12500, 0.25000, 
-1.00000, 0.00000, 0.00000
0.00000, -0.00000, 1.00000
0.00000, 1.00000, 0.00000

  * 34 Vertex position / uv / normal / tangent / binormal [(float) * 14 * vertex count]
-1.77126, -3.76979, 12.96673
0.37500, 0.00000, 
-1.00000, 0.00000, 0.00000
0.00000, -0.00000, 1.00000
0.00000, 1.00000, 0.00000

  * 35 Vertex position / uv / normal / tangent / binormal [(float) * 14 * vertex count]
-1.77126, -2.76979, 12.96673
0.37500, 0.25000, 
-1.00000, 0.00000, 0.00000
0.00000, -0.00000, 1.00000
0.00000, 1.00000, 0.00000


    //v Mesh 3 Header  --------------------

  # Mesh name [(char) * 256]: 
goalDoorLeft
  # Material count [(int)]: 
1
  # Vertex count [(int)]: 
36
    //^ Mesh 3 Header  --------------------

  * 0 Vertex position / uv / normal / tangent / binormal [(float) * 14 * vertex count]
-1.83883, -2.85282, 17.55379
0.37500, 0.00000, 
0.48352, 0.00000, 0.87533
0.87533, 0.00000, -0.48352
-0.00000, 1.00000, 0.00000

  * 1 Vertex position / uv / normal / tangent / binormal [(float) * 14 * vertex count]
-1.83883, -2.85282, 17.44826
0.62500, 0.00000, 
0.48352, 0.00000, 0.87533
0.87533, 0.00000, -0.48352
-0.00000, 1.00000, 0.00000

  * 2 Vertex position / uv / normal / tangent / binormal [(float) * 14 * vertex count]
-1.83883, -0.49661, 17.55379
0.37500, 0.25000, 
0.48353, 0.00000, 0.87533
0.87533, -0.00000, -0.48353
0.00000, 1.00000, -0.00000

  * 3 Vertex position / uv / normal / tangent / binormal [(float) * 14 * vertex count]
-1.83883, -0.49661, 17.55379
0.37500, 0.25000, 
0.48353, 0.00000, 0.87533
0.87533, -0.00000, -0.48353
0.00000, 1.00000, -0.00000

  * 4 Vertex position / uv / normal / tangent / binormal [(float) * 14 * vertex count]
-1.83883, -2.85282, 17.44826
0.62500, 0.00000, 
0.48352, 0.00000, 0.87533
0.87533, 0.00000, -0.48352
-0.00000, 1.00000, 0.00000

  * 5 Vertex position / uv / normal / tangent / binormal [(float) * 14 * vertex count]
-1.83883, -0.49661, 17.44826
0.62500, 0.25000, 
0.48353, 0.00000, 0.87533
0.87533, -0.00000, -0.48353
0.00000, 1.00000, -0.00000

  * 6 Vertex position / uv / normal / tangent / binormal [(float) * 14 * vertex count]
-1.83883, -0.49661, 17.55379
0.37500, 0.25000, 
0.00000, 1.00000, 0.00000
0.87533, 0.00000, -0.48353
-0.48353, 0.00000, -0.87533

  * 7 Vertex position / uv / normal / tangent / binormal [(float) * 14 * vertex count]
-1.83883, -0.49661, 17.44826
0.62500, 0.25000, 
0.00000, 1.00000, 0.00000
0.87533, 0.00000, -0.48353
-0.48353, 0.00000, -0.87533

  * 8 Vertex position / uv / normal / tangent / binormal [(float) * 14 * vertex count]
-1.83883, -0.49661, 16.71423
0.37500, 0.50000, 
0.00000, 1.00000, -0.00000
0.87533, -0.00000, -0.48353
-0.48353, -0.00000, -0.87533

  * 9 Vertex position / uv / normal / tangent / binormal [(float) * 14 * vertex count]
-1.83883, -0.49661, 16.71423
0.37500, 0.50000, 
0.00000, 1.00000, -0.00000
0.87533, -0.00000, -0.48352
-0.48352, -0.00000, -0.87533

  * 10 Vertex position / uv / normal / tangent / binormal [(float) * 14 * vertex count]
-1.83883, -0.49661, 17.44826
0.62500, 0.25000, 
0.00000, 1.00000, 0.00000
0.87533, 0.00000, -0.48352
-0.48352, 0.00000, -0.87533

  * 11 Vertex position / uv / normal / tangent / binormal [(float) * 14 * vertex count]
-1.83883, -0.49661, 16.60870
0.62500, 0.50000, 
0.00000, 1.00000, -0.00000
0.87533, -0.00000, -0.48352
-0.48352, -0.00000, -0.87533

  * 12 Vertex position / uv / normal / tangent / binormal [(float) * 14 * vertex count]
-1.83883, -0.49661, 16.71423
0.37500, 0.50000, 
-0.48352, 0.00000, -0.87533
0.87533, 0.00000, -0.48352
0.00000, -1.00000, -0.00000

  * 13 Vertex position / uv / normal / tangent / binormal [(float) * 14 * vertex count]
-1.83883, -0.49661, 16.60870
0.62500, 0.50000, 
-0.48352, 0.00000, -0.87533
0.87533, 0.00000, -0.48352
0.00000, -1.00000, -0.00000

  * 14 Vertex position / uv / normal / tangent / binormal [(float) * 14 * vertex count]
-1.83883, -2.85282, 16.71423
0.37500, 0.75000, 
-0.48352, 0.00000, -0.87533
0.87533, 0.00000, -0.48352
0.00000, -1.00000, -0.00000

  * 15 Vertex position / uv / normal / tangent / binormal [(float) * 14 * vertex count]
-1.83883, -2.85282, 16.71423
0.37500, 0.75000, 
-0.48352, 0.00000, -0.87533
0.87533, 0.00000, -0.48352
0.00000, -1.00000, -0.00000

  * 16 Vertex position / uv / normal / tangent / binormal [(float) * 14 * vertex count]
-1.83883, -0.49661, 16.60870
0.62500, 0.50000, 
-0.48352, 0.00000, -0.87533
0.87533, 0.00000, -0.48352
0.00000, -1.00000, -0.00000

  * 17 Vertex position / uv / normal / tangent / binormal [(float) * 14 * vertex count]
-1.83883, -2.85282, 16.60870
0.62500, 0.75000, 
-0.48352, 0.00000, -0.87533
0.87533, 0.00000, -0.48352
0.00000, -1.00000, -0.00000

  * 18 Vertex position / uv / normal / tangent / binormal [(float) * 14 * vertex count]
-1.83883, -2.85282, 16.60870
0.62500, 0.75000, 
0.00000, -1.00000, 0.00000
0.87533, 0.00000, -0.48352
0.48352, 0.00000, 0.87533

  * 19 Vertex position / uv / normal / tangent / binormal [(float) * 14 * vertex count]
-1.83883, -2.85282, 17.44826
0.62500, 1.00000, 
0.00000, -1.00000, 0.00000
0.87533, 0.00000, -0.48352
0.48352, 0.00000, 0.87533

  * 20 Vertex position / uv / normal / tangent / binormal [(float) * 14 * vertex count]
-1.83883, -2.85282, 16.71423
0.37500, 0.75000, 
0.00000, -1.00000, 0.00000
0.87533, 0.00000, -0.48352
0.48352, 0.00000, 0.87533

  * 21 Vertex position / uv / normal / tangent / binormal [(float) * 14 * vertex count]
-1.83883, -2.85282, 16.71423
0.37500, 0.75000, 
0.00000, -1.00000, 0.00000
0.87533, 0.00000, -0.48353
0.48353, 0.00000, 0.87533

  * 22 Vertex position / uv / normal / tangent / binormal [(float) * 14 * vertex count]
-1.83883, -2.85282, 17.44826
0.62500, 1.00000, 
0.00000, -1.00000, 0.00000
0.87533, 0.00000, -0.48353
0.48353, 0.00000, 0.87533

  * 23 Vertex position / uv / normal / tangent / binormal [(float) * 14 * vertex count]
-1.83883, -2.85282, 17.55379
0.37500, 1.00000, 
0.00000, -1.00000, 0.00000
0.87533, 0.00000, -0.48353
0.48353, 0.00000, 0.87533

  * 24 Vertex position / uv / normal / tangent / binormal [(float) * 14 * vertex count]
-1.83883, -2.85282, 17.44826
0.62500, 0.00000, 
0.88034, 0.00000, -0.47433
-0.47433, -0.00000, -0.88034
-0.00000, 1.00000, 0.00000

  * 25 Vertex position / uv / normal / tangent / binormal [(float) * 14 * vertex count]
-1.83883, -2.85282, 16.60870
0.87500, 0.00000, 
0.88034, 0.00000, -0.47433
-0.47433, -0.00000, -0.88034
-0.00000, 1.00000, 0.00000

  * 26 Vertex position / uv / normal / tangent / binormal [(float) * 14 * vertex count]
-1.83883, -0.49661, 17.44826
0.62500, 0.25000, 
0.88034, 0.00000, -0.47433
-0.47433, -0.00000, -0.88034
-0.00000, 1.00000, 0.00000

  * 27 Vertex position / uv / normal / tangent / binormal [(float) * 14 * vertex count]
-1.83883, -0.49661, 17.44826
0.62500, 0.25000, 
0.88034, 0.00000, -0.47433
-0.47433, -0.00000, -0.88034
-0.00000, 1.00000, 0.00000

  * 28 Vertex position / uv / normal / tangent / binormal [(float) * 14 * vertex count]
-1.83883, -2.85282, 16.60870
0.87500, 0.00000, 
0.88034, 0.00000, -0.47433
-0.47433, -0.00000, -0.88034
-0.00000, 1.00000, 0.00000

  * 29 Vertex position / uv / normal / tangent / binormal [(float) * 14 * vertex count]
-1.83883, -0.49661, 16.60870
0.87500, 0.25000, 
0.88034, 0.00000, -0.47433
-0.47433, -0.00000, -0.88034
-0.00000, 1.00000, 0.00000

  * 30 Vertex position / uv / normal / tangent / binormal [(float) * 14 * vertex count]
-1.83883, -2.85282, 16.71423
0.12500, 0.00000, 
-0.88035, 0.00000, 0.47433
0.47433, 0.00000, 0.88035
0.00000, 1.00000, -0.00000

  * 31 Vertex position / uv / normal / tangent / binormal [(float) * 14 * vertex count]
-1.83883, -2.85282, 17.55379
0.37500, 0.00000, 
-0.88035, 0.00000, 0.47433
0.47433, 0.00000, 0.88035
0.00000, 1.00000, -0.00000

  * 32 Vertex position / uv / normal / tangent / binormal [(float) * 14 * vertex count]
-1.83883, -0.49661, 16.71423
0.12500, 0.25000, 
-0.88034, 0.00000, 0.47433
0.47433, -0.00000, 0.88034
0.00000, 1.00000, 0.00000

  * 33 Vertex position / uv / normal / tangent / binormal [(float) * 14 * vertex count]
-1.83883, -0.49661, 16.71423
0.12500, 0.25000, 
-0.88034, 0.00000, 0.47433
0.47433, -0.00000, 0.88034
0.00000, 1.00000, 0.00000

  * 34 Vertex position / uv / normal / tangent / binormal [(float) * 14 * vertex count]
-1.83883, -2.85282, 17.55379
0.37500, 0.00000, 
-0.88035, 0.00000, 0.47433
0.47433, 0.00000, 0.88035
0.00000, 1.00000, -0.00000

  * 35 Vertex position / uv / normal / tangent / binormal [(float) * 14 * vertex count]
-1.83883, -0.49661, 17.55379
0.37500, 0.25000, 
-0.88034, 0.00000, 0.47433
0.47433, -0.00000, 0.88034
0.00000, 1.00000, 0.00000


    //v Mesh 4 Header  --------------------

  # Mesh name [(char) * 256]: 
cube2
  # Material count [(int)]: 
1
  # Vertex count [(int)]: 
36
    //^ Mesh 4 Header  --------------------

  * 0 Vertex position / uv / normal / tangent / binormal [(float) * 14 * vertex count]
-0.14839, -3.76979, -3.86747
0.37500, 0.00000, 
0.00000, 0.00000, 1.00000
1.00000, -0.00000, -0.00000
0.00000, 1.00000, -0.00000

  * 1 Vertex position / uv / normal / tangent / binormal [(float) * 14 * vertex count]
-0.14839, -3.76979, -3.86747
0.62500, 0.00000, 
0.00000, 0.00000, 1.00000
1.00000, -0.00000, -0.00000
0.00000, 1.00000, -0.00000

  * 2 Vertex position / uv / normal / tangent / binormal [(float) * 14 * vertex count]
-0.14839, -2.76979, -3.86747
0.37500, 0.25000, 
0.00000, 0.00000, 1.00000
1.00000, -0.00000, -0.00000
0.00000, 1.00000, -0.00000

  * 3 Vertex position / uv / normal / tangent / binormal [(float) * 14 * vertex count]
-0.14839, -2.76979, -3.86747
0.37500, 0.25000, 
0.00000, 0.00000, 1.00000
1.00000, -0.00000, 0.00000
0.00000, 1.00000, -0.00000

  * 4 Vertex position / uv / normal / tangent / binormal [(float) * 14 * vertex count]
-0.14839, -3.76979, -3.86747
0.62500, 0.00000, 
0.00000, 0.00000, 1.00000
1.00000, -0.00000, 0.00000
0.00000, 1.00000, -0.00000

  * 5 Vertex position / uv / normal / tangent / binormal [(float) * 14 * vertex count]
-0.14839, -2.76979, -3.86747
0.62500, 0.25000, 
0.00000, 0.00000, 1.00000
1.00000, -0.00000, 0.00000
0.00000, 1.00000, -0.00000

  * 6 Vertex position / uv / normal / tangent / binormal [(float) * 14 * vertex count]
-0.14839, -2.76979, -3.86747
0.37500, 0.25000, 
0.00000, 1.00000, 0.00000
1.00000, -0.00000, 0.00000
0.00000, 0.00000, -1.00000

  * 7 Vertex position / uv / normal / tangent / binormal [(float) * 14 * vertex count]
-0.14839, -2.76979, -3.86747
0.62500, 0.25000, 
0.00000, 1.00000, 0.00000
1.00000, -0.00000, 0.00000
0.00000, 0.00000, -1.00000

  * 8 Vertex position / uv / normal / tangent / binormal [(float) * 14 * vertex count]
-0.14839, -2.76979, -4.86747
0.37500, 0.50000, 
0.00000, 1.00000, 0.00000
1.00000, -0.00000, 0.00000
0.00000, 0.00000, -1.00000

  * 9 Vertex position / uv / normal / tangent / binormal [(float) * 14 * vertex count]
-0.14839, -2.76979, -4.86747
0.37500, 0.50000, 
0.00000, 1.00000, 0.00000
1.00000, 0.00000, 0.00000
0.00000, 0.00000, -1.00000

  * 10 Vertex position / uv / normal / tangent / binormal [(float) * 14 * vertex count]
-0.14839, -2.76979, -3.86747
0.62500, 0.25000, 
0.00000, 1.00000, 0.00000
1.00000, 0.00000, 0.00000
0.00000, 0.00000, -1.00000

  * 11 Vertex position / uv / normal / tangent / binormal [(float) * 14 * vertex count]
-0.14839, -2.76979, -4.86747
0.62500, 0.50000, 
0.00000, 1.00000, 0.00000
1.00000, 0.00000, 0.00000
0.00000, 0.00000, -1.00000

  * 12 Vertex position / uv / normal / tangent / binormal [(float) * 14 * vertex count]
-0.14839, -2.76979, -4.86747
0.37500, 0.50000, 
0.00000, 0.00000, -1.00000
1.00000, 0.00000, 0.00000
0.00000, -1.00000, 0.00000

  * 13 Vertex position / uv / normal / tangent / binormal [(float) * 14 * vertex count]
-0.14839, -2.76979, -4.86747
0.62500, 0.50000, 
0.00000, 0.00000, -1.00000
1.00000, 0.00000, 0.00000
0.00000, -1.00000, 0.00000

  * 14 Vertex position / uv / normal / tangent / binormal [(float) * 14 * vertex count]
-0.14839, -3.76979, -4.86747
0.37500, 0.75000, 
0.00000, 0.00000, -1.00000
1.00000, 0.00000, 0.00000
0.00000, -1.00000, 0.00000

  * 15 Vertex position / uv / normal / tangent / binormal [(float) * 14 * vertex count]
-0.14839, -3.76979, -4.86747
0.37500, 0.75000, 
0.00000, 0.00000, -1.00000
1.00000, 0.00000, 0.00000
0.00000, -1.00000, 0.00000

  * 16 Vertex position / uv / normal / tangent / binormal [(float) * 14 * vertex count]
-0.14839, -2.76979, -4.86747
0.62500, 0.50000, 
0.00000, 0.00000, -1.00000
1.00000, 0.00000, 0.00000
0.00000, -1.00000, 0.00000

  * 17 Vertex position / uv / normal / tangent / binormal [(float) * 14 * vertex count]
-0.14839, -3.76979, -4.86747
0.62500, 0.75000, 
0.00000, 0.00000, -1.00000
1.00000, 0.00000, 0.00000
0.00000, -1.00000, 0.00000

  * 18 Vertex position / uv / normal / tangent / binormal [(float) * 14 * vertex count]
-0.14839, -3.76979, -4.86747
0.37500, 0.75000, 
0.00000, -1.00000, 0.00000
1.00000, 0.00000, -0.00000
0.00000, 0.00000, 1.00000

  * 19 Vertex position / uv / normal / tangent / binormal [(float) * 14 * vertex count]
-0.14839, -3.76979, -4.86747
0.62500, 0.75000, 
0.00000, -1.00000, 0.00000
1.00000, 0.00000, -0.00000
0.00000, 0.00000, 1.00000

  * 20 Vertex position / uv / normal / tangent / binormal [(float) * 14 * vertex count]
-0.14839, -3.76979, -3.86747
0.37500, 1.00000, 
0.00000, -1.00000, 0.00000
1.00000, 0.00000, -0.00000
0.00000, 0.00000, 1.00000

  * 21 Vertex position / uv / normal / tangent / binormal [(float) * 14 * vertex count]
-0.14839, -3.76979, -3.86747
0.37500, 1.00000, 
0.00000, -1.00000, 0.00000
1.00000, 0.00000, -0.00000
0.00000, 0.00000, 1.00000

  * 22 Vertex position / uv / normal / tangent / binormal [(float) * 14 * vertex count]
-0.14839, -3.76979, -4.86747
0.62500, 0.75000, 
0.00000, -1.00000, 0.00000
1.00000, 0.00000, -0.00000
0.00000, 0.00000, 1.00000

  * 23 Vertex position / uv / normal / tangent / binormal [(float) * 14 * vertex count]
-0.14839, -3.76979, -3.86747
0.62500, 1.00000, 
0.00000, -1.00000, 0.00000
1.00000, 0.00000, -0.00000
0.00000, 0.00000, 1.00000

  * 24 Vertex position / uv / normal / tangent / binormal [(float) * 14 * vertex count]
-0.14839, -3.76979, -3.86747
0.62500, 0.00000, 
1.00000, 0.00000, 0.00000
0.00000, 0.00000, -1.00000
-0.00000, 1.00000, 0.00000

  * 25 Vertex position / uv / normal / tangent / binormal [(float) * 14 * vertex count]
-0.14839, -3.76979, -4.86747
0.87500, 0.00000, 
1.00000, 0.00000, 0.00000
0.00000, 0.00000, -1.00000
-0.00000, 1.00000, 0.00000

  * 26 Vertex position / uv / normal / tangent / binormal [(float) * 14 * vertex count]
-0.14839, -2.76979, -3.86747
0.62500, 0.25000, 
1.00000, 0.00000, 0.00000
0.00000, 0.00000, -1.00000
-0.00000, 1.00000, 0.00000

  * 27 Vertex position / uv / normal / tangent / binormal [(float) * 14 * vertex count]
-0.14839, -2.76979, -3.86747
0.62500, 0.25000, 
1.00000, 0.00000, 0.00000
0.00000, -0.00000, -1.00000
0.00000, 1.00000, -0.00000

  * 28 Vertex position / uv / normal / tangent / binormal [(float) * 14 * vertex count]
-0.14839, -3.76979, -4.86747
0.87500, 0.00000, 
1.00000, 0.00000, 0.00000
0.00000, -0.00000, -1.00000
0.00000, 1.00000, -0.00000

  * 29 Vertex position / uv / normal / tangent / binormal [(float) * 14 * vertex count]
-0.14839, -2.76979, -4.86747
0.87500, 0.25000, 
1.00000, 0.00000, 0.00000
0.00000, -0.00000, -1.00000
0.00000, 1.00000, -0.00000

  * 30 Vertex position / uv / normal / tangent / binormal [(float) * 14 * vertex count]
-0.14839, -3.76979, -4.86747
0.12500, 0.00000, 
-1.00000, 0.00000, 0.00000
0.00000, -0.00000, 1.00000
0.00000, 1.00000, 0.00000

  * 31 Vertex position / uv / normal / tangent / binormal [(float) * 14 * vertex count]
-0.14839, -3.76979, -3.86747
0.37500, 0.00000, 
-1.00000, 0.00000, 0.00000
0.00000, -0.00000, 1.00000
0.00000, 1.00000, 0.00000

  * 32 Vertex position / uv / normal / tangent / binormal [(float) * 14 * vertex count]
-0.14839, -2.76979, -4.86747
0.12500, 0.25000, 
-1.00000, 0.00000, 0.00000
0.00000, -0.00000, 1.00000
0.00000, 1.00000, 0.00000

  * 33 Vertex position / uv / normal / tangent / binormal [(float) * 14 * vertex count]
-0.14839, -2.76979, -4.86747
0.12500, 0.25000, 
-1.00000, 0.00000, 0.00000
0.00000, -0.00000, 1.00000
0.00000, 1.00000, 0.00000

  * 34 Vertex position / uv / normal / tangent / binormal [(float) * 14 * vertex count]
-0.14839, -3.76979, -3.86747
0.37500, 0.00000, 
-1.00000, 0.00000, 0.00000
0.00000, -0.00000, 1.00000
0.00000, 1.00000, 0.00000

