  //v File Header --------------------
  # Mesh count
17
  # Mesh Group count
0
  # Material count
1
  # Point Light count
0
  # Directional count
0
  //^ File Header --------------------

    //v Mesh 0 Header  --------------------

  # Mesh name: 
doorLeft
  # Material name : 
phong1
  * Translation vector: 
0.0000000000, 0.0000000000, 0.0000000000
  * Rotation vector: 
0.0000000000, 0.0000000000, 0.0000000000
  * Scale vector: 
1.0000000000, 1.0000000000, 1.0000000000
  # Is child: 
0
  # Parent Name: 
RootNode
  # Parent type: 
-1
  # Attribute type: 
0
  # Attribute link: 
0
  # Vertex count: 
36
    //^ Mesh 0 Header  --------------------

  * 0 Vertex position / uv / normal / tangent / binormal 
-4.6963725090, -0.1314711571, -10.6889286041
0.4903684556, 0.0625086427, 
0.6147820354, 0.0000000000, -0.7886970639
-0.7886967659, 0.0008407981, -0.6147817969
0.0006631350, 0.9999997616, 0.0005169076

  * 1 Vertex position / uv / normal / tangent / binormal 
-4.8685178757, -0.1314711571, -10.8231124878
0.5155698061, 0.0624874532, 
0.6147814393, 0.0000000000, -0.7886976004
-0.7886973023, 0.0008407981, -0.6147812009
0.0006631354, 0.9999996424, 0.0005169070

  * 2 Vertex position / uv / normal / tangent / binormal 
-4.6963725090, 2.2247300148, -10.6889286041
0.4905972183, 0.3345640302, 
0.6147724390, 0.0000000000, -0.7887046337
-0.7887042761, 0.0008407981, -0.6147722006
0.0006631413, 0.9999997020, 0.0005168995

  * 3 Vertex position / uv / normal / tangent / binormal 
-4.6963725090, 2.2247300148, -10.6889286041
0.4905972183, 0.3345640302, 
0.6147724390, 0.0000000000, -0.7887046337
-0.7887042761, 0.0008419807, -0.6147722006
0.0006640741, 0.9999997020, 0.0005176265

  * 4 Vertex position / uv / normal / tangent / binormal 
-4.8685178757, -0.1314711571, -10.8231124878
0.5155698061, 0.0624874532, 
0.6147814393, 0.0000000000, -0.7886976004
-0.7886973619, 0.0008419809, -0.6147812605
0.0006640681, 0.9999996424, 0.0005176341

  * 5 Vertex position / uv / normal / tangent / binormal 
-4.8685178757, 2.2247300148, -10.8231124878
0.5157986879, 0.3345428109, 
0.6147717834, 0.0000000000, -0.7887050509
-0.7887048721, 0.0008419809, -0.6147716045
0.0006640745, 0.9999996424, 0.0005176260

  * 6 Vertex position / uv / normal / tangent / binormal 
-4.6963725090, 2.2247300148, -10.6889286041
0.4905972183, 0.3345640302, 
0.0000000000, 1.0000000000, 0.0000000000
-0.7891276479, 0.0000000000, -0.6142292619
-0.6142292619, 0.0000000000, 0.7891276479

  * 7 Vertex position / uv / normal / tangent / binormal 
-4.8685178757, 2.2247300148, -10.8231124878
0.5157986879, 0.3345428109, 
0.0000000000, 1.0000000000, 0.0000000000
-0.7891276479, 0.0000000000, -0.6142292619
-0.6142292619, 0.0000000000, 0.7891276479

  * 8 Vertex position / uv / normal / tangent / binormal 
-5.1837248802, 2.2247300148, -10.0720958710
0.4918421805, 0.4446718395, 
0.0000000000, 1.0000000000, 0.0000000000
-0.7891276479, 0.0000000000, -0.6142292619
-0.6142292619, 0.0000000000, 0.7891276479

  * 9 Vertex position / uv / normal / tangent / binormal 
-5.1837248802, 2.2247300148, -10.0720958710
0.4918421805, 0.4446718395, 
0.0000000000, 1.0000000000, 0.0000000000
-0.7891296148, 0.0000000000, -0.6142267585
-0.6142267585, 0.0000000000, 0.7891296148

  * 10 Vertex position / uv / normal / tangent / binormal 
-4.8685178757, 2.2247300148, -10.8231124878
0.5157986879, 0.3345428109, 
0.0000000000, 1.0000000000, 0.0000000000
-0.7891296148, 0.0000000000, -0.6142267585
-0.6142267585, 0.0000000000, 0.7891296148

  * 11 Vertex position / uv / normal / tangent / binormal 
-5.3558678627, 2.2247300148, -10.2062759399
0.5170434713, 0.4446507394, 
0.0000000000, 1.0000000000, 0.0000000000
-0.7891296148, 0.0000000000, -0.6142267585
-0.6142267585, 0.0000000000, 0.7891296148

  * 12 Vertex position / uv / normal / tangent / binormal 
-5.1837248802, 2.2247300148, -10.0720958710
0.4918421805, 0.4446718395, 
-0.6147723198, 0.0000000000, 0.7887045741
-0.7887043357, -0.0008372667, -0.6147721410
0.0006603561, -0.9999997020, 0.0005147285

  * 13 Vertex position / uv / normal / tangent / binormal 
-5.3558678627, 2.2247300148, -10.2062759399
0.5170434713, 0.4446507394, 
-0.6147724390, 0.0000000000, 0.7887046337
-0.7887042761, -0.0008372667, -0.6147722006
0.0006603561, -0.9999997020, 0.0005147285

  * 14 Vertex position / uv / normal / tangent / binormal 
-5.1837248802, -0.1314711571, -10.0720958710
0.4920693338, 0.7167271972, 
-0.6147724390, 0.0000000000, 0.7887046337
-0.7887042761, -0.0008372667, -0.6147722006
0.0006603561, -0.9999997020, 0.0005147285

  * 15 Vertex position / uv / normal / tangent / binormal 
-5.1837248802, -0.1314711571, -10.0720958710
0.4920693338, 0.7167271972, 
-0.6147724390, 0.0000000000, 0.7887046337
-0.7887042761, -0.0008349014, -0.6147722006
0.0006584906, -0.9999997020, 0.0005132743

  * 16 Vertex position / uv / normal / tangent / binormal 
-5.3558678627, 2.2247300148, -10.2062759399
0.5170434713, 0.4446507394, 
-0.6147724390, 0.0000000000, 0.7887046337
-0.7887042761, -0.0008349014, -0.6147722006
0.0006584906, -0.9999997020, 0.0005132743

  * 17 Vertex position / uv / normal / tangent / binormal 
-5.3558678627, -0.1314711571, -10.2062759399
0.5172704458, 0.7167061567, 
-0.6147723198, 0.0000000000, 0.7887045741
-0.7887043357, -0.0008349014, -0.6147721410
0.0006584906, -0.9999997020, 0.0005132743

  * 18 Vertex position / uv / normal / tangent / binormal 
-5.3558678627, -0.1314711571, -10.2062759399
0.5172704458, 0.7167061567, 
0.0000000000, -1.0000000000, 0.0000000000
-0.7882822752, 0.0000000000, -0.6153139472
0.6153138876, 0.0000000000, -0.7882821560

  * 19 Vertex position / uv / normal / tangent / binormal 
-4.8685178757, -0.1314711571, -10.8231124878
0.5162094831, 0.8268160820, 
0.0000000000, -1.0000000000, 0.0000000000
-0.7882822752, 0.0000000000, -0.6153139472
0.6153138876, 0.0000000000, -0.7882821560

  * 20 Vertex position / uv / normal / tangent / binormal 
-5.1837248802, -0.1314711571, -10.0720958710
0.4920693338, 0.7167271972, 
0.0000000000, -1.0000000000, 0.0000000000
-0.7882822752, 0.0000000000, -0.6153139472
0.6153138876, 0.0000000000, -0.7882821560

  * 21 Vertex position / uv / normal / tangent / binormal 
-5.1837248802, -0.1314711571, -10.0720958710
0.4920693338, 0.7167271972, 
0.0000000000, -1.0000000000, 0.0000000000
-0.7882826328, 0.0000000000, -0.6153133512
0.6153133512, 0.0000000000, -0.7882826328

  * 22 Vertex position / uv / normal / tangent / binormal 
-4.8685178757, -0.1314711571, -10.8231124878
0.5162094831, 0.8268160820, 
0.0000000000, -1.0000000000, 0.0000000000
-0.7882826328, 0.0000000000, -0.6153133512
0.6153133512, 0.0000000000, -0.7882826328

  * 23 Vertex position / uv / normal / tangent / binormal 
-4.6963725090, -0.1314711571, -10.6889286041
0.4910081327, 0.8268368840, 
0.0000000000, -1.0000000000, 0.0000000000
-0.7882826328, 0.0000000000, -0.6153133512
0.6153133512, 0.0000000000, -0.7882826328

  * 24 Vertex position / uv / normal / tangent / binormal 
-4.8685178757, -0.1314711571, -10.8231124878
0.5155698061, 0.0624874532, 
-0.7822259665, 0.0000000000, -0.6229948997
-0.6229945421, 0.0010204600, 0.7822254896
0.0006357414, 0.9999995232, -0.0007982304

  * 25 Vertex position / uv / normal / tangent / binormal 
-5.3558678627, -0.1314711571, -10.2062759399
0.6256847382, 0.0623948276, 
-0.7822256088, 0.0000000000, -0.6229952574
-0.6229949594, 0.0010204600, 0.7822251916
0.0006357417, 0.9999994636, -0.0007982300

  * 26 Vertex position / uv / normal / tangent / binormal 
-4.8685178757, 2.2247300148, -10.8231124878
0.5157986879, 0.3345428109, 
-0.7822251320, 0.0000000000, -0.6229958534
-0.6229955554, 0.0010204600, 0.7822247148
0.0006357424, 0.9999995232, -0.0007982295

  * 27 Vertex position / uv / normal / tangent / binormal 
-4.8685178757, 2.2247300148, -10.8231124878
0.5157986879, 0.3345428109, 
-0.7822251320, 0.0000000000, -0.6229958534
-0.6229955554, 0.0010204600, 0.7822247148
0.0006357424, 0.9999995232, -0.0007982295

  * 28 Vertex position / uv / normal / tangent / binormal 
-5.3558678627, -0.1314711571, -10.2062759399
0.6256847382, 0.0623948276, 
-0.7822256088, 0.0000000000, -0.6229952574
-0.6229949594, 0.0010204600, 0.7822251916
0.0006357417, 0.9999994636, -0.0007982300

  * 29 Vertex position / uv / normal / tangent / binormal 
-5.3558678627, 2.2247300148, -10.2062759399
0.6259136200, 0.3344501853, 
-0.7822248936, 0.0000000000, -0.6229961514
-0.6229958534, 0.0010204600, 0.7822244763
0.0006357427, 0.9999995232, -0.0007982292

  * 30 Vertex position / uv / normal / tangent / binormal 
-5.1837248802, -0.1314711571, -10.0720958710
0.3802536428, 0.0626012981, 
0.7822245955, 0.0000000000, 0.6229965091
0.6229962111, 0.0010207905, -0.7822241783
-0.0006359490, 0.9999994636, 0.0007984875

  * 31 Vertex position / uv / normal / tangent / binormal 
-4.6963725090, -0.1314711571, -10.6889286041
0.4903684556, 0.0625086427, 
0.7822246552, 0.0000000000, 0.6229964495
0.6229961514, 0.0010207905, -0.7822242379
-0.0006359490, 0.9999995232, 0.0007984876

  * 32 Vertex position / uv / normal / tangent / binormal 
-5.1837248802, 2.2247300148, -10.0720958710
0.3804824650, 0.3346565962, 
0.7822246552, 0.0000000000, 0.6229964495
0.6229961514, 0.0010207905, -0.7822242379
-0.0006359490, 0.9999995232, 0.0007984876

  * 33 Vertex position / uv / normal / tangent / binormal 
-5.1837248802, 2.2247300148, -10.0720958710
0.3804824650, 0.3346565962, 
0.7822246552, 0.0000000000, 0.6229964495
0.6229961514, 0.0010198052, -0.7822242379
-0.0006353351, 0.9999995232, 0.0007977169

  * 34 Vertex position / uv / normal / tangent / binormal 
-4.6963725090, -0.1314711571, -10.6889286041
0.4903684556, 0.0625086427, 
0.7822246552, 0.0000000000, 0.6229964495
0.6229961514, 0.0010198052, -0.7822242379
-0.0006353351, 0.9999995232, 0.0007977169

  * 35 Vertex position / uv / normal / tangent / binormal 
-4.6963725090, 2.2247300148, -10.6889286041
0.4905972183, 0.3345640302, 
0.7822245955, 0.0000000000, 0.6229965091
0.6229962111, 0.0010198052, -0.7822241783
-0.0006353351, 0.9999994636, 0.0007977167


    //v Mesh 1 Header  --------------------

  # Mesh name: 
doorGoal
  # Material name : 
phong1
  * Translation vector: 
0.0000000000, 0.0000000000, 0.0000000000
  * Rotation vector: 
0.0000000000, 0.0000000000, 0.0000000000
  * Scale vector: 
1.0000000000, 1.0000000000, 1.0000000000
  # Is child: 
0
  # Parent Name: 
RootNode
  # Parent type: 
-1
  # Attribute type: 
0
  # Attribute link: 
0
  # Vertex count: 
30
    //^ Mesh 1 Header  --------------------

  * 0 Vertex position / uv / normal / tangent / binormal 
-3.2465174198, -0.1314711571, -10.7058258057
0.4439826012, 0.0217811167, 
0.9997553229, 0.0000000000, -0.0221230797
-0.0221227724, 0.0052611893, -0.9997414351
0.0001163937, 0.9999862313, 0.0052599022

  * 1 Vertex position / uv / normal / tangent / binormal 
-3.2629890442, -0.1314711571, -11.4501914978
0.5346596241, 0.0213040411, 
0.9997552633, 0.0000000000, -0.0221230574
-0.0221227519, 0.0052611893, -0.9997414351
0.0001163936, 0.9999861717, 0.0052599018

  * 2 Vertex position / uv / normal / tangent / binormal 
-3.2465174198, 2.2247300148, -10.7058258057
0.4454920590, 0.3087382019, 
0.9997553229, 0.0000000000, -0.0221230034
-0.0221226960, 0.0052611893, -0.9997414351
0.0001163933, 0.9999862313, 0.0052599022

  * 3 Vertex position / uv / normal / tangent / binormal 
-3.2465174198, 2.2247300148, -10.7058258057
0.4454920590, 0.3087382019, 
0.9997553229, 0.0000000000, -0.0221230034
-0.0221226960, 0.0052602016, -0.9997414351
0.0001163715, 0.9999862313, 0.0052589145

  * 4 Vertex position / uv / normal / tangent / binormal 
-3.2629890442, -0.1314711571, -11.4501914978
0.5346596241, 0.0213040411, 
0.9997552633, 0.0000000000, -0.0221230574
-0.0221227519, 0.0052602016, -0.9997414351
0.0001163717, 0.9999861717, 0.0052589141

  * 5 Vertex position / uv / normal / tangent / binormal 
-3.2629890442, 2.2247300148, -11.4501914978
0.5361691117, 0.3082612157, 
0.9997552633, 0.0000000000, -0.0221229829
-0.0221226774, 0.0052602016, -0.9997414351
0.0001163714, 0.9999861717, 0.0052589141

  * 6 Vertex position / uv / normal / tangent / binormal 
-3.2465174198, 2.2247300148, -10.7058258057
0.4454920590, 0.3087382019, 
0.0000000000, 1.0000000000, 0.0000000000
-0.0273816008, 0.0000000000, -0.9996251464
-0.9996251464, 0.0000000000, 0.0273816008

  * 7 Vertex position / uv / normal / tangent / binormal 
-3.2629890442, 2.2247300148, -11.4501914978
0.5361691117, 0.3082612157, 
-0.0000000000, 1.0000000000, 0.0000000109
-0.0273816008, 0.0000000109, -0.9996251464
-0.9996251464, -0.0000000003, 0.0273816008

  * 8 Vertex position / uv / normal / tangent / binormal 
-4.8747024536, 2.2247300148, -10.6845321655
0.4483293593, 0.5070310831, 
-0.0000000000, 1.0000000000, 0.0000000291
-0.0273816008, 0.0000000291, -0.9996251464
-0.9996251464, -0.0000000008, 0.0273816008

  * 9 Vertex position / uv / normal / tangent / binormal 
-4.8747024536, 2.2247300148, -10.6845321655
0.4483293593, 0.5070310831, 
-0.0000000000, 1.0000000000, 0.0000000291
-0.0273815915, 0.0000000291, -0.9996251464
-0.9996251464, -0.0000000008, 0.0273815915

  * 10 Vertex position / uv / normal / tangent / binormal 
-3.2629890442, 2.2247300148, -11.4501914978
0.5361691117, 0.3082612157, 
-0.0000000000, 1.0000000000, 0.0000000109
-0.0273815915, 0.0000000109, -0.9996251464
-0.9996251464, -0.0000000003, 0.0273815915

  * 11 Vertex position / uv / normal / tangent / binormal 
-4.8911743164, 2.2247300148, -11.4288978577
0.5390063524, 0.5065541267, 
-0.0000000000, 1.0000000000, 0.0000000399
-0.0273815915, 0.0000000399, -0.9996251464
-0.9996251464, -0.0000000011, 0.0273815915

  * 12 Vertex position / uv / normal / tangent / binormal 
-4.8747024536, 2.2247300148, -10.6845321655
0.4483293593, 0.5070310831, 
-0.9997552633, 0.0000000000, 0.0221229829
-0.0221226774, -0.0052598747, -0.9997414351
0.0001163641, -0.9999861717, 0.0052585877

  * 13 Vertex position / uv / normal / tangent / binormal 
-4.8911743164, 2.2247300148, -11.4288978577
0.5390063524, 0.5065541267, 
-0.9997552633, 0.0000000000, 0.0221229829
-0.0221226774, -0.0052598747, -0.9997414351
0.0001163641, -0.9999861717, 0.0052585877

  * 14 Vertex position / uv / normal / tangent / binormal 
-4.8747024536, -0.1314711571, -10.6845321655
0.4498388171, 0.7939881682, 
-0.9997552633, 0.0000000000, 0.0221229810
-0.0221226756, -0.0052598747, -0.9997414351
0.0001163641, -0.9999861717, 0.0052585877

  * 15 Vertex position / uv / normal / tangent / binormal 
-4.8747024536, -0.1314711571, -10.6845321655
0.4498388171, 0.7939881682, 
-0.9997552633, 0.0000000000, 0.0221229810
-0.0221226756, -0.0052598747, -0.9997414351
0.0001163641, -0.9999861717, 0.0052585877

  * 16 Vertex position / uv / normal / tangent / binormal 
-4.8911743164, 2.2247300148, -11.4288978577
0.5390063524, 0.5065541267, 
-0.9997552633, 0.0000000000, 0.0221229829
-0.0221226774, -0.0052598747, -0.9997414351
0.0001163641, -0.9999861717, 0.0052585877

  * 17 Vertex position / uv / normal / tangent / binormal 
-4.8911743164, -0.1314711571, -11.4288978577
0.5405158401, 0.7935112119, 
-0.9997552633, 0.0000000000, 0.0221229829
-0.0221226774, -0.0052598747, -0.9997414351
0.0001163641, -0.9999861717, 0.0052585877

  * 18 Vertex position / uv / normal / tangent / binormal 
-4.8911743164, -0.1314711571, -11.4288978577
0.5405158401, 0.7935112119, 
0.0000000000, -1.0000000000, -0.0000001844
-0.0168644171, 0.0000001843, -0.9998577833
0.9998577833, 0.0000000031, -0.0168644171

  * 19 Vertex position / uv / normal / tangent / binormal 
-3.2629890442, -0.1314711571, -11.4501914978
0.5397647619, 0.9918230772, 
0.0000000000, -1.0000000000, -0.0000000502
-0.0168644171, 0.0000000502, -0.9998577833
0.9998577833, 0.0000000008, -0.0168644171

  * 20 Vertex position / uv / normal / tangent / binormal 
-4.8747024536, -0.1314711571, -10.6845321655
0.4498388171, 0.7939881682, 
0.0000000000, -1.0000000000, -0.0000001341
-0.0168644171, 0.0000001341, -0.9998577833
0.9998577833, 0.0000000023, -0.0168644171

  * 21 Vertex position / uv / normal / tangent / binormal 
-4.8747024536, -0.1314711571, -10.6845321655
0.4498388171, 0.7939881682, 
0.0000000000, -1.0000000000, -0.0000001341
-0.0168641005, 0.0000001341, -0.9998579025
0.9998577833, 0.0000000023, -0.0168640986

  * 22 Vertex position / uv / normal / tangent / binormal 
-3.2629890442, -0.1314711571, -11.4501914978
0.5397647619, 0.9918230772, 
0.0000000000, -1.0000000000, -0.0000000502
-0.0168641005, 0.0000000502, -0.9998579025
0.9998577833, 0.0000000008, -0.0168640986

  * 23 Vertex position / uv / normal / tangent / binormal 
-3.2465174198, -0.1314711571, -10.7058258057
0.4490877688, 0.9923000336, 
0.0000000000, -1.0000000000, -0.0000000000
-0.0168641005, 0.0000000000, -0.9998579025
0.9998577833, 0.0000000000, -0.0168640986

  * 24 Vertex position / uv / normal / tangent / binormal 
-4.8747024536, -0.1314711571, -10.6845321655
0.2456721663, 0.0228242576, 
0.0130767124, 0.0000000000, 0.9999145865
0.9999007583, 0.0052600694, -0.0130765317
-0.0052596196, 0.9999862313, 0.0000687844

  * 25 Vertex position / uv / normal / tangent / binormal 
-3.2465174198, -0.1314711571, -10.7058258057
0.4439826012, 0.0217811167, 
0.0130774779, 0.0000000000, 0.9999145865
0.9999007583, 0.0052600694, -0.0130772972
-0.0052596196, 0.9999862313, 0.0000687884

  * 26 Vertex position / uv / normal / tangent / binormal 
-4.8747024536, 2.2247300148, -10.6845321655
0.2471815944, 0.3097813725, 
0.0130779352, 0.0000000000, 0.9999145865
0.9999007583, 0.0052600694, -0.0130777545
-0.0052596196, 0.9999862313, 0.0000687908

  * 27 Vertex position / uv / normal / tangent / binormal 
-4.8747024536, 2.2247300148, -10.6845321655
0.2471815944, 0.3097813725, 
0.0130779352, 0.0000000000, 0.9999145865
0.9999007583, 0.0052602203, -0.0130777545
-0.0052597704, 0.9999862313, 0.0000687928

  * 28 Vertex position / uv / normal / tangent / binormal 
-3.2465174198, -0.1314711571, -10.7058258057
0.4439826012, 0.0217811167, 
0.0130774779, 0.0000000000, 0.9999145865
0.9999007583, 0.0052602203, -0.0130772972
-0.0052597704, 0.9999862313, 0.0000687904

  * 29 Vertex position / uv / normal / tangent / binormal 
-3.2465174198, 2.2247300148, -10.7058258057
0.4454920590, 0.3087382019, 
0.0130786989, 0.0000000000, 0.9999144673
0.9999006391, 0.0052602198, -0.0130785182
-0.0052597700, 0.9999861717, 0.0000687968


    //v Mesh 2 Header  --------------------

  # Mesh name: 
platformGoal
  # Material name : 
phong1
  * Translation vector: 
0.0000000000, 0.0000000000, 0.0000000000
  * Rotation vector: 
0.0000000000, 0.0000000000, 0.0000000000
  * Scale vector: 
1.0000000000, 1.0000000000, 1.0000000000
  # Is child: 
0
  # Parent Name: 
RootNode
  # Parent type: 
-1
  # Attribute type: 
0
  # Attribute link: 
0
  # Vertex count: 
60
    //^ Mesh 2 Header  --------------------

  * 0 Vertex position / uv / normal / tangent / binormal 
-0.9792890549, 0.0000000000, -5.2320938110
0.3745171726, 0.3774887025, 
0.0000000000, 1.0000000000, 0.0000000000
-0.9997666478, 0.0000000000, -0.0216022823
-0.0216022823, 0.0000000000, 0.9997666478

  * 1 Vertex position / uv / normal / tangent / binormal 
-0.9792890549, 0.0000000000, -11.0970706940
0.3769065738, 0.2669062614, 
0.0000000000, 1.0000000000, 0.0000000000
-0.9997666478, 0.0000000000, -0.0216022823
-0.0216022823, 0.0000000000, 0.9997666478

  * 2 Vertex position / uv / normal / tangent / binormal 
-7.2836456299, 0.0000000000, -5.2320938110
0.4933840036, 0.3800570965, 
0.0000000000, 1.0000000000, 0.0000000000
-0.9997666478, 0.0000000000, -0.0216022823
-0.0216022823, 0.0000000000, 0.9997666478

  * 3 Vertex position / uv / normal / tangent / binormal 
-7.2836456299, 0.0000000000, -5.2320938110
0.4933840036, 0.3800570965, 
0.0000000000, 1.0000000000, 0.0000000000
-0.9997666478, 0.0000000000, -0.0216022823
-0.0216022823, 0.0000000000, 0.9997666478

  * 4 Vertex position / uv / normal / tangent / binormal 
-0.9792890549, 0.0000000000, -11.0970706940
0.3769065738, 0.2669062614, 
0.0000000000, 1.0000000000, 0.0000000000
-0.9997666478, 0.0000000000, -0.0216022823
-0.0216022823, 0.0000000000, 0.9997666478

  * 5 Vertex position / uv / normal / tangent / binormal 
-7.2836456299, 0.0000000000, -11.0970706940
0.4957733750, 0.2694746554, 
0.0000000000, 1.0000000000, 0.0000000000
-0.9997666478, 0.0000000000, -0.0216022823
-0.0216022823, 0.0000000000, 0.9997666478

  * 6 Vertex position / uv / normal / tangent / binormal 
-7.2836456299, -1.0999526978, -5.2320938110
0.4929358959, 0.4007963836, 
-0.0000000000, 0.0000000000, 1.0000000000
-0.9997666478, 0.0216022860, -0.0000000000
-0.0216022860, -0.9997666478, -0.0000000000

  * 7 Vertex position / uv / normal / tangent / binormal 
-0.9792890549, -1.0999526978, -5.2320938110
0.3740690649, 0.3982279897, 
-0.0000000000, 0.0000000000, 1.0000000000
-0.9997666478, 0.0216022860, -0.0000000000
-0.0216022860, -0.9997666478, -0.0000000000

  * 8 Vertex position / uv / normal / tangent / binormal 
-7.2836456299, 0.0000000000, -5.2320938110
0.4933840036, 0.3800570965, 
-0.0000000000, 0.0000000000, 1.0000000000
-0.9997666478, 0.0216022860, -0.0000000000
-0.0216022860, -0.9997666478, -0.0000000000

  * 9 Vertex position / uv / normal / tangent / binormal 
-7.2836456299, 0.0000000000, -5.2320938110
0.4933840036, 0.3800570965, 
-0.0000000000, 0.0000000000, 1.0000000000
-0.9997666478, 0.0216022860, -0.0000000000
-0.0216022860, -0.9997666478, -0.0000000000

  * 10 Vertex position / uv / normal / tangent / binormal 
-0.9792890549, -1.0999526978, -5.2320938110
0.3740690649, 0.3982279897, 
-0.0000000000, 0.0000000000, 1.0000000000
-0.9997666478, 0.0216022860, -0.0000000000
-0.0216022860, -0.9997666478, -0.0000000000

  * 11 Vertex position / uv / normal / tangent / binormal 
-0.9792890549, 0.0000000000, -5.2320938110
0.3745171726, 0.3774887025, 
-0.0000000000, 0.0000000000, 1.0000000000
-0.9997666478, 0.0216022860, -0.0000000000
-0.0216022860, -0.9997666478, -0.0000000000

  * 12 Vertex position / uv / normal / tangent / binormal 
-7.2836456299, 0.0000000000, -11.0970706940
0.4957733750, 0.2694746554, 
-1.0000000000, 0.0000000000, -0.0000000000
-0.0000000000, -0.0216021203, 0.9997666478
-0.0000000000, 0.9997666478, 0.0216021203

  * 13 Vertex position / uv / normal / tangent / binormal 
-7.2836456299, -1.0999531746, -11.0970706940
0.4962214828, 0.2487353683, 
-1.0000000000, 0.0000000000, -0.0000000000
-0.0000000000, -0.0216021203, 0.9997666478
-0.0000000000, 0.9997666478, 0.0216021203

  * 14 Vertex position / uv / normal / tangent / binormal 
-7.2836456299, 0.0000000000, -5.2320938110
0.6063558459, 0.2718640268, 
-1.0000000000, 0.0000000000, -0.0000000000
-0.0000000000, -0.0216021203, 0.9997666478
-0.0000000000, 0.9997666478, 0.0216021203

  * 15 Vertex position / uv / normal / tangent / binormal 
-7.2836456299, 0.0000000000, -5.2320938110
0.6063558459, 0.2718640268, 
-1.0000000000, 0.0000000000, -0.0000000000
-0.0000000000, -0.0216020290, 0.9997666478
-0.0000000000, 0.9997666478, 0.0216020290

  * 16 Vertex position / uv / normal / tangent / binormal 
-7.2836456299, -1.0999531746, -11.0970706940
0.4962214828, 0.2487353683, 
-1.0000000000, 0.0000000000, -0.0000000000
-0.0000000000, -0.0216020290, 0.9997666478
-0.0000000000, 0.9997666478, 0.0216020290

  * 17 Vertex position / uv / normal / tangent / binormal 
-7.2836456299, -1.0999526978, -5.2320938110
0.6068038940, 0.2511247396, 
-1.0000000000, 0.0000000000, -0.0000000000
-0.0000000000, -0.0216020290, 0.9997666478
-0.0000000000, 0.9997666478, 0.0216020290

  * 18 Vertex position / uv / normal / tangent / binormal 
-0.9792890549, 0.0000000000, -5.2320938110
0.2663241029, 0.2645168900, 
1.0000000000, 0.0000000000, 0.0000000000
0.0000000000, -0.0216021109, -0.9997666478
0.0000000000, 0.9997666478, -0.0216021109

  * 19 Vertex position / uv / normal / tangent / binormal 
-0.9792890549, -1.0999526978, -5.2320938110
0.2667722106, 0.2437776029, 
1.0000000000, 0.0000000000, 0.0000000000
0.0000000000, -0.0216021109, -0.9997666478
0.0000000000, 0.9997666478, -0.0216021109

  * 20 Vertex position / uv / normal / tangent / binormal 
-0.9792890549, 0.0000000000, -11.0970706940
0.3769065738, 0.2669062614, 
1.0000000000, 0.0000000000, 0.0000000000
0.0000000000, -0.0216021109, -0.9997666478
0.0000000000, 0.9997666478, -0.0216021109

  * 21 Vertex position / uv / normal / tangent / binormal 
-0.9792890549, 0.0000000000, -11.0970706940
0.3769065738, 0.2669062614, 
1.0000000000, 0.0000000000, 0.0000000000
0.0000000000, -0.0216022003, -0.9997666478
0.0000000000, 0.9997666478, -0.0216022003

  * 22 Vertex position / uv / normal / tangent / binormal 
-0.9792890549, -1.0999526978, -5.2320938110
0.2667722106, 0.2437776029, 
1.0000000000, 0.0000000000, 0.0000000000
0.0000000000, -0.0216022003, -0.9997666478
0.0000000000, 0.9997666478, -0.0216022003

  * 23 Vertex position / uv / normal / tangent / binormal 
-0.9792890549, -1.0999531746, -11.0970706940
0.3773546815, 0.2461669743, 
1.0000000000, 0.0000000000, 0.0000000000
0.0000000000, -0.0216022003, -0.9997666478
0.0000000000, 0.9997666478, -0.0216022003

  * 24 Vertex position / uv / normal / tangent / binormal 
-7.2836456299, -1.0999526978, -5.2320938110
0.6068038940, 0.2511247396, 
-0.1935307384, -0.9810941815, -0.0000000000
0.0449324325, -0.0088633765, 0.9989507198
-0.9800647497, 0.1933276653, 0.0457982831

  * 25 Vertex position / uv / normal / tangent / binormal 
-7.2836456299, -1.0999531746, -11.0970706940
0.4962214828, 0.2487353683, 
-0.1935306787, -0.9810941815, -0.0000000000
0.0449324325, -0.0088633737, 0.9989507198
-0.9800647497, 0.1933276057, 0.0457982831

  * 26 Vertex position / uv / normal / tangent / binormal 
-5.3970851898, -1.4720959663, -9.1057853699
0.6072071791, 0.2324593663, 
-0.1935307086, -0.9810941815, -0.0000000000
0.0449324325, -0.0088633755, 0.9989507198
-0.9800647497, 0.1933276355, 0.0457982831

  * 27 Vertex position / uv / normal / tangent / binormal 
-5.3970851898, -1.4720959663, -9.1057853699
0.6072071791, 0.2324593663, 
-0.1935307086, -0.9810941815, -0.0000000000
0.1216736808, -0.0240013599, 0.9922799468
-0.9735201001, 0.1920366436, 0.1240183413

  * 28 Vertex position / uv / normal / tangent / binormal 
-7.2836456299, -1.0999531746, -11.0970706940
0.4962214828, 0.2487353683, 
-0.1935306787, -0.9810941815, -0.0000000000
0.1216736808, -0.0240013562, 0.9922799468
-0.9735201001, 0.1920366138, 0.1240183413

  * 29 Vertex position / uv / normal / tangent / binormal 
-5.3970851898, -1.4720959663, -11.0720710754
0.4966247976, 0.2300700098, 
-0.1935305595, -0.9810943007, -0.0000000000
0.1216736883, -0.0240013395, 0.9922799468
-0.9735202193, 0.1920364946, 0.1240183488

  * 30 Vertex position / uv / normal / tangent / binormal 
-5.3970851898, -1.4720959663, -9.1057853699
0.4925325811, 0.4194617271, 
-0.0000000000, -0.9954169989, 0.0956293195
-0.9820857644, 0.0180199128, 0.1875714362
-0.1884350330, -0.0939161927, -0.9775848389

  * 31 Vertex position / uv / normal / tangent / binormal 
-2.8658499718, -1.4720959663, -9.1057853699
0.3736657500, 0.4168933332, 
-0.0000000000, -0.9954171181, 0.0956291184
-0.9820857644, 0.0180198736, 0.1875714362
-0.1884350181, -0.0939159840, -0.9775848389

  * 32 Vertex position / uv / normal / tangent / binormal 
-7.2836456299, -1.0999526978, -5.2320938110
0.4929358959, 0.4007963836, 
-0.0000000000, -0.9954171181, 0.0956291258
-0.9820857644, 0.0180198736, 0.1875714362
-0.1884350181, -0.0939159915, -0.9775848389

  * 33 Vertex position / uv / normal / tangent / binormal 
-7.2836456299, -1.0999526978, -5.2320938110
0.4929358959, 0.4007963836, 
-0.0000000000, -0.9954171181, 0.0956291258
-0.9960991740, 0.0084383823, 0.0878363103
-0.0882407278, -0.0952560902, -0.9915341735

  * 34 Vertex position / uv / normal / tangent / binormal 
-2.8658499718, -1.4720959663, -9.1057853699
0.3736657500, 0.4168933332, 
-0.0000000000, -0.9954171181, 0.0956291184
-0.9960991740, 0.0084383814, 0.0878363103
-0.0882407278, -0.0952560827, -0.9915341735

  * 35 Vertex position / uv / normal / tangent / binormal 
-0.9792890549, -1.0999526978, -5.2320938110
0.3740690649, 0.3982279897, 
-0.0000000000, -0.9954170585, 0.0956290811
-0.9960991740, 0.0084383786, 0.0878363177
-0.0882407278, -0.0952560455, -0.9915341139

  * 36 Vertex position / uv / normal / tangent / binormal 
-0.9792890549, -1.0999526978, -5.2320938110
0.2667722106, 0.2437776029, 
0.1935307384, -0.9810941815, 0.0000000000
-0.0379383191, -0.0074837166, -0.9992520809
0.9803605080, 0.1933860183, -0.0386693962

  * 37 Vertex position / uv / normal / tangent / binormal 
-2.8658499718, -1.4720959663, -9.1057853699
0.2671755254, 0.2251122445, 
0.1935306937, -0.9810942411, 0.0000000000
-0.0379383191, -0.0074837147, -0.9992520809
0.9803604484, 0.1933859438, -0.0386693962

  * 38 Vertex position / uv / normal / tangent / binormal 
-0.9792890549, -1.0999531746, -11.0970706940
0.3773546815, 0.2461669743, 
0.1935306787, -0.9810942411, 0.0000000000
-0.0379383191, -0.0074837138, -0.9992520809
0.9803604484, 0.1933859289, -0.0386693962

  * 39 Vertex position / uv / normal / tangent / binormal 
-0.9792890549, -1.0999531746, -11.0970706940
0.3773546815, 0.2461669743, 
0.1935306787, -0.9810942411, 0.0000000000
-0.1220650375, -0.0240785535, -0.9922299981
0.9734711647, 0.1920269430, -0.1244172379

  * 40 Vertex position / uv / normal / tangent / binormal 
-2.8658499718, -1.4720959663, -9.1057853699
0.2671755254, 0.2251122445, 
0.1935306937, -0.9810942411, 0.0000000000
-0.1220650375, -0.0240785554, -0.9922299981
0.9734711647, 0.1920269579, -0.1244172454

  * 41 Vertex position / uv / normal / tangent / binormal 
-2.8658499718, -1.4720959663, -11.0720710754
0.3777579665, 0.2275016159, 
0.1935304999, -0.9810942411, 0.0000000000
-0.1220650375, -0.0240785312, -0.9922299981
0.9734711647, 0.1920267642, -0.1244172305

  * 42 Vertex position / uv / normal / tangent / binormal 
-5.3970851898, -1.4720959663, -9.1057853699
0.6072071791, 0.2324593663, 
-1.0000000000, 0.0000000000, -0.0000000000
-0.0000000000, -0.0689039975, 0.9976233244
-0.0000000000, 0.9976233244, 0.0689039975

  * 43 Vertex position / uv / normal / tangent / binormal 
-5.3970851898, -1.4720959663, -11.0720710754
0.4966247976, 0.2300700098, 
-1.0000000000, 0.0000000000, -0.0000000000
-0.0000000000, -0.0689039975, 0.9976233244
-0.0000000000, 0.9976233244, 0.0689039975

  * 44 Vertex position / uv / normal / tangent / binormal 
-5.3970851898, -11.0203151703, -9.1057853699
0.6108370423, 0.0644711331, 
-1.0000000000, 0.0000000000, -0.0000000000
-0.0000000000, -0.0689039975, 0.9976233244
-0.0000000000, 0.9976233244, 0.0689039975

  * 45 Vertex position / uv / normal / tangent / binormal 
-5.3970851898, -11.0203151703, -9.1057853699
0.6108370423, 0.0644711331, 
-1.0000000000, 0.0000000000, -0.0000000000
-0.0000000000, -0.0689044222, 0.9976232648
-0.0000000000, 0.9976232648, 0.0689044222

  * 46 Vertex position / uv / normal / tangent / binormal 
-5.3970851898, -1.4720959663, -11.0720710754
0.4966247976, 0.2300700098, 
-1.0000000000, 0.0000000000, -0.0000000000
-0.0000000000, -0.0689044222, 0.9976232648
-0.0000000000, 0.9976232648, 0.0689044222

  * 47 Vertex position / uv / normal / tangent / binormal 
-5.3970851898, -11.0203151703, -11.0720710754
0.5002545714, 0.0620817617, 
-1.0000000000, 0.0000000000, -0.0000000000
-0.0000000000, -0.0689044222, 0.9976232648
-0.0000000000, 0.9976232648, 0.0689044222

  * 48 Vertex position / uv / normal / tangent / binormal 
-2.8658499718, -11.0203151703, -9.1057853699
0.3700360060, 0.5848816037, 
-0.0000000000, 0.0000000000, 1.0000000000
-0.9983410835, 0.0575766601, -0.0000000000
-0.0575766601, -0.9983410835, -0.0000000000

  * 49 Vertex position / uv / normal / tangent / binormal 
-2.8658499718, -1.4720959663, -9.1057853699
0.3736657500, 0.4168933332, 
-0.0000000000, 0.0000000000, 1.0000000000
-0.9983410835, 0.0575766601, -0.0000000000
-0.0575766601, -0.9983410835, -0.0000000000

  * 50 Vertex position / uv / normal / tangent / binormal 
-5.3970851898, -11.0203151703, -9.1057853699
0.4889028072, 0.5874499679, 
-0.0000000000, 0.0000000000, 1.0000000000
-0.9983410835, 0.0575766601, -0.0000000000
-0.0575766601, -0.9983410835, -0.0000000000

  * 51 Vertex position / uv / normal / tangent / binormal 
-5.3970851898, -11.0203151703, -9.1057853699
0.4889028072, 0.5874499679, 
-0.0000000000, 0.0000000000, 1.0000000000
-0.9983411431, 0.0575773418, -0.0000000000
-0.0575773418, -0.9983411431, -0.0000000000

  * 52 Vertex position / uv / normal / tangent / binormal 
-2.8658499718, -1.4720959663, -9.1057853699
0.3736657500, 0.4168933332, 
-0.0000000000, 0.0000000000, 1.0000000000
-0.9983411431, 0.0575773418, -0.0000000000
-0.0575773418, -0.9983411431, -0.0000000000

  * 53 Vertex position / uv / normal / tangent / binormal 
-5.3970851898, -1.4720959663, -9.1057853699
0.4925325811, 0.4194617271, 
-0.0000000000, 0.0000000000, 1.0000000000
-0.9983411431, 0.0575773418, -0.0000000000
-0.0575773418, -0.9983411431, -0.0000000000

  * 54 Vertex position / uv / normal / tangent / binormal 
-2.8658499718, -1.4720959663, -11.0720710754
0.3777579665, 0.2275016159, 
1.0000000000, -0.0000000024, 0.0000000000
-0.0000000002, -0.0689044222, -0.9976232648
0.0000000024, 0.9976232648, -0.0689044222

  * 55 Vertex position / uv / normal / tangent / binormal 
-2.8658499718, -1.4720959663, -9.1057853699
0.2671755254, 0.2251122445, 
1.0000000000, -0.0000000021, 0.0000000000
-0.0000000001, -0.0689044222, -0.9976232648
0.0000000021, 0.9976232648, -0.0689044222

  * 56 Vertex position / uv / normal / tangent / binormal 
-2.8658499718, -11.0203151703, -11.0720748901
0.3813877404, 0.0595133677, 
1.0000000000, -0.0000000003, 0.0000000000
-0.0000000000, -0.0689044222, -0.9976232648
0.0000000003, 0.9976232648, -0.0689044222

  * 57 Vertex position / uv / normal / tangent / binormal 
-2.8658499718, -11.0203151703, -11.0720748901
0.3813877404, 0.0595133677, 
1.0000000000, -0.0000000003, 0.0000000000
-0.0000000000, -0.0689042881, -0.9976232648
0.0000000003, 0.9976232648, -0.0689042881

  * 58 Vertex position / uv / normal / tangent / binormal 
-2.8658499718, -1.4720959663, -9.1057853699
0.2671755254, 0.2251122445, 
1.0000000000, -0.0000000021, 0.0000000000
-0.0000000001, -0.0689042881, -0.9976232648
0.0000000021, 0.9976232648, -0.0689042881

  * 59 Vertex position / uv / normal / tangent / binormal 
-2.8658499718, -11.0203151703, -9.1057853699
0.2708052993, 0.0571239963, 
1.0000000000, 0.0000000000, 0.0000000000
0.0000000000, -0.0689042881, -0.9976232648
0.0000000000, 0.9976232648, -0.0689042881


    //v Mesh 3 Header  --------------------

  # Mesh name: 
switch1
  # Material name : 
phong1
  * Translation vector: 
0.0000000000, 0.0000000000, 0.0000000000
  * Rotation vector: 
0.0000000000, 0.0000000000, 0.0000000000
  * Scale vector: 
1.0000000000, 1.0000000000, 1.0000000000
  # Is child: 
0
  # Parent Name: 
RootNode
  # Parent type: 
-1
  # Attribute type: 
0
  # Attribute link: 
0
  # Vertex count: 
36
    //^ Mesh 3 Header  --------------------

  * 0 Vertex position / uv / normal / tangent / binormal 
11.0276145935, -0.0914912224, 0.4794592857
0.3750000000, 0.0000000000, 
0.0000000000, 0.0000000000, -1.0000000000
-1.0000000000, 0.0000000000, -0.0000000000
0.0000000000, 1.0000000000, 0.0000000000

  * 1 Vertex position / uv / normal / tangent / binormal 
10.0276155472, -0.0914912224, 0.4794592857
0.6250000000, 0.0000000000, 
0.0000000000, 0.0000000000, -1.0000000000
-1.0000000000, 0.0000000000, -0.0000000000
0.0000000000, 1.0000000000, 0.0000000000

  * 2 Vertex position / uv / normal / tangent / binormal 
11.0276145935, 0.9085087776, 0.4794592857
0.3750000000, 0.2500000000, 
0.0000000000, 0.0000000000, -1.0000000000
-1.0000000000, 0.0000000000, -0.0000000000
0.0000000000, 1.0000000000, 0.0000000000

  * 3 Vertex position / uv / normal / tangent / binormal 
11.0276145935, 0.9085087776, 0.4794592857
0.3750000000, 0.2500000000, 
0.0000000000, 0.0000000000, -1.0000000000
-1.0000000000, 0.0000000000, -0.0000000000
0.0000000000, 1.0000000000, 0.0000000000

  * 4 Vertex position / uv / normal / tangent / binormal 
10.0276155472, -0.0914912224, 0.4794592857
0.6250000000, 0.0000000000, 
0.0000000000, 0.0000000000, -1.0000000000
-1.0000000000, 0.0000000000, -0.0000000000
0.0000000000, 1.0000000000, 0.0000000000

  * 5 Vertex position / uv / normal / tangent / binormal 
10.0276155472, 0.9085087776, 0.4794592857
0.6250000000, 0.2500000000, 
0.0000000000, 0.0000000000, -1.0000000000
-1.0000000000, 0.0000000000, -0.0000000000
0.0000000000, 1.0000000000, 0.0000000000

  * 6 Vertex position / uv / normal / tangent / binormal 
11.0276145935, 0.9085087776, 0.4794592857
0.3750000000, 0.2500000000, 
0.0000000000, 1.0000000000, 0.0000000000
-1.0000000000, 0.0000000000, 0.0000000000
0.0000000000, -0.0000000000, 1.0000000000

  * 7 Vertex position / uv / normal / tangent / binormal 
10.0276155472, 0.9085087776, 0.4794592857
0.6250000000, 0.2500000000, 
0.0000000000, 1.0000000000, 0.0000000000
-1.0000000000, 0.0000000000, 0.0000000000
0.0000000000, -0.0000000000, 1.0000000000

  * 8 Vertex position / uv / normal / tangent / binormal 
11.0276145935, 0.9085087776, 0.9335556030
0.3750000000, 0.5000000000, 
0.0000000000, 1.0000000000, 0.0000000000
-1.0000000000, 0.0000000000, 0.0000000000
0.0000000000, -0.0000000000, 1.0000000000

  * 9 Vertex position / uv / normal / tangent / binormal 
11.0276145935, 0.9085087776, 0.9335556030
0.3750000000, 0.5000000000, 
0.0000000000, 1.0000000000, 0.0000000000
-1.0000000000, 0.0000000000, -0.0000000000
-0.0000000000, 0.0000000000, 1.0000000000

  * 10 Vertex position / uv / normal / tangent / binormal 
10.0276155472, 0.9085087776, 0.4794592857
0.6250000000, 0.2500000000, 
0.0000000000, 1.0000000000, 0.0000000000
-1.0000000000, 0.0000000000, -0.0000000000
-0.0000000000, 0.0000000000, 1.0000000000

  * 11 Vertex position / uv / normal / tangent / binormal 
10.0276155472, 0.9085087776, 0.9335556030
0.6250000000, 0.5000000000, 
0.0000000000, 1.0000000000, 0.0000000000
-1.0000000000, 0.0000000000, -0.0000000000
-0.0000000000, 0.0000000000, 1.0000000000

  * 12 Vertex position / uv / normal / tangent / binormal 
11.0276145935, 0.9085087776, 0.9335556030
0.3750000000, 0.5000000000, 
-0.0000000000, 0.0000000000, 1.0000000000
-1.0000000000, 0.0000000000, -0.0000000000
-0.0000000000, -1.0000000000, 0.0000000000

  * 13 Vertex position / uv / normal / tangent / binormal 
10.0276155472, 0.9085087776, 0.9335556030
0.6250000000, 0.5000000000, 
-0.0000000000, 0.0000000000, 1.0000000000
-1.0000000000, 0.0000000000, -0.0000000000
-0.0000000000, -1.0000000000, 0.0000000000

  * 14 Vertex position / uv / normal / tangent / binormal 
11.0276145935, -0.0914912224, 0.9335556030
0.3750000000, 0.7500000000, 
-0.0000000000, 0.0000000000, 1.0000000000
-1.0000000000, 0.0000000000, -0.0000000000
-0.0000000000, -1.0000000000, 0.0000000000

  * 15 Vertex position / uv / normal / tangent / binormal 
11.0276145935, -0.0914912224, 0.9335556030
0.3750000000, 0.7500000000, 
-0.0000000000, 0.0000000000, 1.0000000000
-1.0000000000, 0.0000000000, -0.0000000000
-0.0000000000, -1.0000000000, 0.0000000000

  * 16 Vertex position / uv / normal / tangent / binormal 
10.0276155472, 0.9085087776, 0.9335556030
0.6250000000, 0.5000000000, 
-0.0000000000, 0.0000000000, 1.0000000000
-1.0000000000, 0.0000000000, -0.0000000000
-0.0000000000, -1.0000000000, 0.0000000000

  * 17 Vertex position / uv / normal / tangent / binormal 
10.0276155472, -0.0914912224, 0.9335556030
0.6250000000, 0.7500000000, 
-0.0000000000, 0.0000000000, 1.0000000000
-1.0000000000, 0.0000000000, -0.0000000000
-0.0000000000, -1.0000000000, 0.0000000000

  * 18 Vertex position / uv / normal / tangent / binormal 
11.0276145935, -0.0914912224, 0.9335556030
0.3750000000, 0.7500000000, 
0.0000000000, -1.0000000000, -0.0000000000
-1.0000000000, 0.0000000000, 0.0000000000
0.0000000000, 0.0000000000, -1.0000000000

  * 19 Vertex position / uv / normal / tangent / binormal 
10.0276155472, -0.0914912224, 0.9335556030
0.6250000000, 0.7500000000, 
0.0000000000, -1.0000000000, -0.0000000000
-1.0000000000, 0.0000000000, 0.0000000000
