//v File Header --------------------
    Mesh count
82
    Mesh Group count
0
    Material count
7
    Point Light count
2
    Directional count
1
//^ File Header --------------------

//v Mesh 0 Header  --------------------
    Mesh name: 
floor
    Material ID : 
0
    Translation vector: 
0.0000000000, 0.0000000000, 0.0000000000
    Rotation vector: 
0.0000000000, 0.0000000000, 0.0000000000
    Scale vector: 
1.0000000000, 1.0000000000, 1.0000000000
    Is child: 
0
    Parent Name: 
RootNode
    Parent type: 
-1
  # Attribute type: 
2
  # Attribute link: 
0
  # Attribute dir: 
0
  # Attribute dist: 
0.0000000000
  # Attribute collect: 
0
  # Vertex count: 
38
    Joint count: 
0
    Animation count: 
0
//^ Mesh 0 Header  --------------------

    //v Mesh 0 Vertices  --------------------
    ~ 0 Vertex position / uv / normal / tangent / binormal 
-4.9891672134, -0.5192703605, 14.1593418121
0.3750000000, 0.0000000000, 
0.0000000000, 0.0000000000, 1.0000000000
1.0000000000, -0.0000000000, -0.0000000000
0.0000000000, 1.0000000000, -0.0000000000
-0.0000000000, 1.6999517679, -36893488147419103232.0000000000, 1.7979447842
0.0000000000, 1.7822837830, -36893488147419103232.0000000000, 1.7965599298
    ~ 1 Vertex position / uv / normal / tangent / binormal 
6.4643650055, -0.5192703605, 14.1593418121
0.6250000000, 0.0000000000, 
0.0000000000, 0.0000000000, 1.0000000000
1.0000000000, -0.0000000000, 0.0000000000
0.0000000000, 1.0000000000, -0.0000000000
-0.0000000000, 1.7937337160, 0.0000000000, 1.6983244419
-2.0000000000, 1.8000682592, 2.0000000000, 1.7055526972
    ~ 2 Vertex position / uv / normal / tangent / binormal 
-4.9891672134, -0.0000000596, 14.1593418121
0.3750000000, 0.2500000000, 
0.0000000000, 0.0000000000, 1.0000000000
1.0000000000, -0.0000000000, 0.0000000000
0.0000000000, 1.0000000000, -0.0000000000
2.0000000000, 1.7071800232, -0.0000000000, 1.5356361866
-0.0000000000, 1.7074655294, -0.0000000000, 1.7929950953
    ~ 3 Vertex position / uv / normal / tangent / binormal 
-4.9891672134, -0.0000000596, 14.1593418121
0.3750000000, 0.2500000000, 
0.0000000000, 0.0000000000, 1.0000000000
1.0000000000, -0.0000000000, 0.0000000000
0.0000000000, 1.0000000000, -0.0000000000
0.0000000000, 1.5185657740, 0.0000000000, 1.7822837830
0.0000000000, 1.5185657740, 0.0000000000, 1.8279240131
    ~ 4 Vertex position / uv / normal / tangent / binormal 
6.4643650055, -0.5192703605, 14.1593418121
0.6250000000, 0.0000000000, 
0.0000000000, 0.0000000000, 1.0000000000
1.0000000000, -0.0000000000, 0.0000000000
0.0000000000, 1.0000000000, -0.0000000000
0.0000000000, 1.8279240131, -36893488147419103232.0000000000, 1.4427571297
0.0000000000, 1.7822837830, -36893488147419103232.0000000000, 1.4427571297
    ~ 5 Vertex position / uv / normal / tangent / binormal 
6.4643650055, -0.0000000596, 14.1593418121
0.6250000000, 0.2500000000, 
0.0000000000, 0.0000000000, 1.0000000000
1.0000000000, -0.0000000000, 0.0000000000
0.0000000000, 1.0000000000, -0.0000000000
0.0000000000, 1.5078736544, 0.0000000000, 1.8279240131
0.0000000000, 1.5051037073, 0.0000000000, 1.7822837830
    ~ 6 Vertex position / uv / normal / tangent / binormal 
-4.9891672134, -0.0000000596, 14.1593418121
0.3750000000, 0.2500000000, 
0.0000000000, 1.0000000000, 0.0000000000
1.0000000000, -0.0000000000, 0.0000000000
0.0000000000, 0.0000000000, -1.0000000000
0.0000000000, 1.7264398336, 0.0000000000, 1.7900261879
-2.0000000000, 1.7261542082, 0.0000000000, 1.7893337011
    ~ 7 Vertex position / uv / normal / tangent / binormal 
6.4643650055, -0.0000000596, 14.1593418121
0.6250000000, 0.2500000000, 
0.0000000000, 1.0000000000, 0.0000000000
1.0000000000, 0.0000000000, 0.0000000000
0.0000000000, 0.0000000000, -1.0000000000
-2.0000000000, 1.7818536758, 0.0000000000, 1.7256261110
0.0000000000, 1.7817109823, -2.0000000000, 1.7245268822
    ~ 8 Vertex position / uv / normal / tangent / binormal 
-4.9891757965, -0.0000000596, -0.7920017242
0.3750000000, 0.5000000000, 
0.0000000000, 1.0000000000, 0.0000000000
1.0000000000, 0.0000000000, 0.0000000000
0.0000000000, 0.0000000000, -1.0000000000
0.0000000000, 1.8279240131, 0.0000000000, 1.6999181509
0.0000000000, 1.7822837830, 0.0000000000, 1.6999181509
    ~ 9 Vertex position / uv / normal / tangent / binormal 
-4.9891757965, -0.0000000596, -0.7920017242
0.3750000000, 0.5000000000, 
0.0000000000, 1.0000000000, 0.0000000000
1.0000000000, 0.0000000000, 0.0000000000
0.0000000000, 0.0000000000, -1.0000000000
36893488147419103232.0000000000, 1.6945512295, 0.0000000000, 1.8279240131
-0.0000000000, 1.6873229742, 0.0000000000, 1.7822837830
    ~ 10 Vertex position / uv / normal / tangent / binormal 
6.4643650055, -0.0000000596, 14.1593418121
0.6250000000, 0.2500000000, 
0.0000000000, 1.0000000000, 0.0000000000
1.0000000000, 0.0000000000, 0.0000000000
0.0000000000, 0.0000000000, -1.0000000000
0.0000000000, 1.7822837830, -2.0000000000, 1.6974339485
0.0000000000, 1.8279240131, -2.0000000000, 1.6833410263
    ~ 11 Vertex position / uv / normal / tangent / binormal 
6.4643645287, -0.0000000596, -0.7920017242
0.6250000000, 0.5000000000, 
0.0000000000, 1.0000000000, 0.0000000000
1.0000000000, 0.0000000000, 0.0000000000
0.0000000000, 0.0000000000, -1.0000000000
0.0000000000, 1.8375424147, 0.0000000000, 1.6983244419
36893488147419103232.0000000000, 1.8361575603, 0.0000000000, 1.6999517679
    ~ 12 Vertex position / uv / normal / tangent / binormal 
-4.9891757965, -0.0000000596, -0.7920017242
0.3750000000, 0.5000000000, 
0.0000000000, 0.0000000000, -1.0000000000
1.0000000000, 0.0000000000, 0.0000000000
0.0000000000, -1.0000000000, 0.0000000000
-0.0000000000, 1.6983244419, 0.0000000000, 1.8347162008
0.0000000000, 1.7055526972, 36893488147419103232.0000000000, 1.8333313465
    ~ 13 Vertex position / uv / normal / tangent / binormal 
6.4643645287, -0.0000000596, -0.7920017242
0.6250000000, 0.5000000000, 
0.0000000000, 0.0000000000, -1.0000000000
1.0000000000, 0.0000000000, 0.0000000000
0.0000000000, -1.0000000000, 0.0000000000
2.0000000000, 1.6862238646, 0.0000000000, 1.8279240131
2.0000000000, 1.8325927258, -0.0000000000, 1.7071800232
    ~ 14 Vertex position / uv / normal / tangent / binormal 
-4.9891757965, -0.5192703605, -0.7920017242
0.3750000000, 0.7500000000, 
0.0000000000, 0.0000000000, -0.9999999404
1.0000000000, 0.0000000000, 0.0000000000
0.0000000000, -1.0000000000, 0.0000000000
0.0000000000, 1.7822837830, 2.0000000000, 1.6608465910
0.0000000000, 1.8279240131, -2.0000000000, 1.6776885986
    ~ 15 Vertex position / uv / normal / tangent / binormal 
-4.9891757965, -0.5192703605, -0.7920017242
0.3750000000, 0.7500000000, 
0.0000000000, 0.0000000000, -0.9999999404
1.0000000000, 0.0000000000, 0.0000000000
0.0000000000, -1.0000000000, 0.0000000000
36893488147419103232.0000000000, 1.6540949345, 0.0000000000, 1.7822837830
36893488147419103232.0000000000, 1.6540949345, 0.0000000000, 1.8279240131
    ~ 16 Vertex position / uv / normal / tangent / binormal 
6.4643645287, -0.0000000596, -0.7920017242
0.6250000000, 0.5000000000, 
0.0000000000, 0.0000000000, -1.0000000000
1.0000000000, 0.0000000000, 0.0000000000
0.0000000000, -1.0000000000, 0.0000000000
0.0000000000, 1.8279240131, 36893488147419103232.0000000000, 1.6723425388
0.0000000000, 1.7822837830, 36893488147419103232.0000000000, 1.6723425388
    ~ 17 Vertex position / uv / normal / tangent / binormal 
6.4643645287, -0.5192703605, -0.7920017242
0.6250000000, 0.7500000000, 
0.0000000000, 0.0000000000, -1.0000000000
1.0000000000, 0.0000000000, 0.0000000000
0.0000000000, -1.0000000000, 0.0000000000
36893488147419103232.0000000000, 1.8296236992, -0.0000000000, 1.7066518068
36893488147419103232.0000000000, 1.8289312124, 0.0000000000, 1.7074656487
    ~ 18 Vertex position / uv / normal / tangent / binormal 
-4.9891757965, -0.5192703605, -0.7920017242
0.3750000000, 0.7500000000, 
0.0000000000, -1.0000000000, 0.0000000092
1.0000000000, 0.0000000000, -0.0000000000
0.0000000000, 0.0000000092, 1.0000000000
-0.0000000000, 1.7066518068, -36893488147419103232.0000000000, 1.8221436739
2.0000000000, 1.7055526972, -36893488147419103232.0000000000, 1.8214511871
    ~ 19 Vertex position / uv / normal / tangent / binormal 
6.4643645287, -0.5192703605, -0.7920017242
0.6250000000, 0.7500000000, 
0.0000000000, -1.0000000000, 0.0000000054
1.0000000000, 0.0000000000, -0.0000000000
0.0000000000, 0.0000000054, 1.0000000000
2.0000000000, 1.2037891150, 0.0000000000, 0.8762450218
-0.0000000000, 0.8698062897, 0.0000000000, 0.8762450218
    ~ 20 Vertex position / uv / normal / tangent / binormal 
-4.9891672134, -0.5192703605, 14.1593418121
0.3750000000, 1.0000000000, 
0.0000000000, -1.0000000000, 0.0000000038
1.0000000000, 0.0000000000, -0.0000000000
0.0000000000, 0.0000000038, 1.0000000000
-36893488147419103232.0000000000, 1.5975013971, 0.0000000000, 1.7756440639
0.0000000000, 0.8762450218, -2.0000000000, 1.7697435617
    ~ 21 Vertex position / uv / normal / tangent / binormal 
-4.9891672134, -0.5192703605, 14.1593418121
0.3750000000, 1.0000000000, 
0.0000000000, -1.0000000000, 0.0000000038
1.0000000000, 0.0000000000, -0.0000000000
0.0000000000, 0.0000000038, 1.0000000000
2.0000000000, 1.7775274515, 0.0000000000, 0.8762450218
-0.0000000000, 1.3448425531, 0.0000000000, 1.7813460827
    ~ 22 Vertex position / uv / normal / tangent / binormal 
6.4643645287, -0.5192703605, -0.7920017242
0.6250000000, 0.7500000000, 
0.0000000000, -1.0000000000, 0.0000000054
1.0000000000, 0.0000000000, -0.0000000000
0.0000000000, 0.0000000054, 1.0000000000
-0.0000000000, 1.3579601049, 36893488147419103232.0000000000, 1.4526567459
-0.0000000000, 1.3579601049, -2.0000000000, 1.6191694736
    ~ 23 Vertex position / uv / normal / tangent / binormal 
6.4643650055, -0.5192703605, 14.1593418121
0.6250000000, 1.0000000000, 
0.0000000000, -1.0000000000, 0.0000000000
1.0000000000, 0.0000000000, -0.0000000000
0.0000000000, 0.0000000000, 1.0000000000
36893488147419103232.0000000000, 1.7356371880, -36893488147419103232.0000000000, 1.5877220631
0.0000000000, 1.6642166376, -36893488147419103232.0000000000, 1.5877220631
    ~ 24 Vertex position / uv / normal / tangent / binormal 
6.4643650055, -0.5192703605, 14.1593418121
0.6250000000, 0.0000000000, 
0.9999999404, 0.0000000000, -0.0000000159
-0.0000000159, 0.0000000000, -1.0000000000
0.0000000000, 1.0000000000, 0.0000000000
0.0000000000, 0.8762450218, -2.0000000000, 1.6415017843
-2.0000000000, 1.7813459635, 0.0000000000, 1.3749771118
    ~ 25 Vertex position / uv / normal / tangent / binormal 
6.4643645287, -0.5192703605, -0.7920017242
0.8750000000, 0.0000000000, 
1.0000000000, 0.0000000000, -0.0000000471
-0.0000000471, 0.0000000000, -1.0000000000
0.0000000000, 1.0000000000, 0.0000000000
0.0000000000, 1.3749771118, -0.0000000000, 1.6284565926
-36893488147419103232.0000000000, 1.6268011332, -0.0000000000, 1.5979237556
    ~ 26 Vertex position / uv / normal / tangent / binormal 
6.4643650055, -0.2596352100, 6.6836700439
0.7500000000, 0.1250000000, 
0.9999999404, 0.0000000000, -0.0000000319
-0.0000000319, 0.0000000000, -1.0000000000
0.0000000000, 1.0000000000, 0.0000000000
0.0000000000, 1.3171535730, 2.0000000000, 1.7525271177
0.0000000000, 1.3171535730, -0.0000000000, 1.7403535843
    ~ 27 Vertex position / uv / normal / tangent / binormal 
6.4643650055, -0.0000000596, 14.1593418121
0.6250000000, 0.2500000000, 
1.0000000000, 0.0000000000, -0.0000000167
-0.0000000167, 0.0000000000, -1.0000000000
0.0000000000, 1.0000000000, 0.0000000000
-0.0000000000, 1.7403535843, -0.0000000000, 1.6422359943
-0.0000000000, 1.6595001221, -0.0000000000, 1.6422359943
    ~ 28 Vertex position / uv / normal / tangent / binormal 
6.4643650055, -0.0000000596, 14.1593418121
0.6250000000, 0.2500000000, 
1.0000000000, 0.0000000000, -0.0000000167
-0.0000000167, 0.0000000000, -1.0000000000
0.0000000000, 1.0000000000, 0.0000000000
-0.0000000000, 1.6422359943, -36893488147419103232.0000000000, 1.6268011332
-2.0000000000, 1.7702697515, -2.0000000000, 1.4337910414
    ~ 29 Vertex position / uv / normal / tangent / binormal 
6.4643650055, -0.2596352100, 6.6836700439
0.7500000000, 0.1250000000, 
0.9999999404, 0.0000000000, -0.0000000319
-0.0000000319, 0.0000000000, -1.0000000000
0.0000000000, 1.0000000000, 0.0000000000
2.0000000000, 1.5272372961, 0.0000000000, 1.8692884445
-2.0000000000, 1.4337910414, -2.0000000000, 1.7702697515
    ~ 30 Vertex position / uv / normal / tangent / binormal 
6.4643645287, -0.5192703605, -0.7920017242
0.8750000000, 0.0000000000, 
1.0000000000, 0.0000000000, -0.0000000471
-0.0000000471, 0.0000000000, -1.0000000000
0.0000000000, 1.0000000000, 0.0000000000
0.0000000000, 0.8762450218, 0.0000000000, 1.7600764036
2.0000000000, 1.6492996216, -2.0000000000, 1.7541759014
    ~ 31 Vertex position / uv / normal / tangent / binormal 
6.4643645287, -0.0000000596, -0.7920017242
0.8750000000, 0.2500000000, 
0.9999999404, 0.0000000000, -0.0000000478
-0.0000000478, 0.0000000000, -1.0000000000
0.0000000000, 1.0000000000, 0.0000000000
-36893488147419103232.0000000000, 1.5819742680, 2.0000000000, 1.8288617134
-36893488147419103232.0000000000, 1.5819742680, 36893488147419103232.0000000000, 1.8692884445
    ~ 32 Vertex position / uv / normal / tangent / binormal 
-4.9891757965, -0.5192703605, -0.7920017242
0.1250000000, 0.0000000000, 
-0.9999999404, 0.0000000000, 0.0000005741
0.0000005741, -0.0000000000, 1.0000000000
0.0000000000, 1.0000000000, 0.0000000000
2.0000000000, 1.8339743614, 2.0000000000, 1.6096853018
0.0000000000, 0.8762450218, 36893488147419103232.0000000000, 1.6082301140
    ~ 33 Vertex position / uv / normal / tangent / binormal 
-4.9891672134, -0.5192703605, 14.1593418121
0.3750000000, 0.0000000000, 
-1.0000000000, 0.0000000000, 0.0000005741
0.0000005741, -0.0000000000, 1.0000000000
0.0000000000, 1.0000000000, 0.0000000000
-2.0000000000, 1.6082299948, -2.0000000000, 1.8323538303
-0.0000000000, 1.6222426891, -2.0000000000, 1.8318345547
    ~ 34 Vertex position / uv / normal / tangent / binormal 
-4.9891757965, -0.0000000596, -0.7920017242
0.1250000000, 0.2500000000, 
-1.0000000000, 0.0000000000, 0.0000005741
0.0000005741, -0.0000000000, 1.0000000000
0.0000000000, 1.0000000000, 0.0000000000
0.0000000000, 1.8296834230, -2.0000000000, 1.6020653248
-2.0000000000, 1.8323538303, 2.0000000000, 1.5957597494
    ~ 35 Vertex position / uv / normal / tangent / binormal 
-4.9891757965, -0.0000000596, -0.7920017242
0.1250000000, 0.2500000000, 
-1.0000000000, 0.0000000000, 0.0000005741
0.0000005741, -0.0000000000, 1.0000000000
0.0000000000, 1.0000000000, 0.0000000000
2.0000000000, 1.5957597494, 0.0000000000, 1.8366448879
-36893488147419103232.0000000000, 1.6035206318, 2.0000000000, 1.8339743614
    ~ 36 Vertex position / uv / normal / tangent / binormal 
-4.9891672134, -0.5192703605, 14.1593418121
0.3750000000, 0.0000000000, 
-1.0000000000, 0.0000000000, 0.0000005741
0.0000005741, -0.0000000000, 1.0000000000
0.0000000000, 1.0000000000, 0.0000000000
2.0000000000, 1.8288617134, 36893488147419103232.0000000000, 1.6466310024
-0.0000000000, 1.8310325146, 36893488147419103232.0000000000, 1.6481419802
    ~ 37 Vertex position / uv / normal / tangent / binormal 
-4.9891672134, -0.0000000596, 14.1593418121
0.3750000000, 0.2500000000, 
-0.9999999404, 0.0000000000, 0.0000005741
0.0000005741, -0.0000000000, 1.0000000000
0.0000000000, 1.0000000000, 0.0000000000
36893488147419103232.0000000000, 1.7012552023, 2.0000000000, 1.8288617134
36893488147419103232.0000000000, 1.6466310024, -36893488147419103232.0000000000, 1.8357716799
    //^ Mesh 0 Vertices  --------------------

    //v Mesh 0 Joints  --------------------
    //^ Mesh 0 Joints  --------------------

    //v Mesh 0 Animations  --------------------
    //^ Mesh 0 Animations  --------------------

//v Mesh 1 Header  --------------------
    Mesh name: 
pCube1
    Material ID : 
0
    Translation vector: 
2.3388619423, 1.6885982752, 5.4539046288
    Rotation vector: 
0.0000000000, 0.0000000000, 0.0000000000
    Scale vector: 
1.0000000000, 1.0000000000, 1.0000000000
    Is child: 
0
    Parent Name: 
RootNode
    Parent type: 
-1
  # Attribute type: 
8
  # Attribute link: 
0
  # Attribute dir: 
0
  # Attribute dist: 
0.0000000000
  # Attribute collect: 
0
  # Vertex count: 
36
    Joint count: 
0
    Animation count: 
0
//^ Mesh 1 Header  --------------------

    //v Mesh 1 Vertices  --------------------
    ~ 0 Vertex position / uv / normal / tangent / binormal 
-0.5000000000, -0.5000000000, 0.5000000000
0.3750000000, 0.0000000000, 
0.0000000000, 0.0000000000, 1.0000000000
1.0000000000, -0.0000000000, -0.0000000000
0.0000000000, 1.0000000000, -0.0000000000
-0.0000000000, 1.6999517679, -36893488147419103232.0000000000, 1.7979447842
0.0000000000, 1.7822837830, -36893488147419103232.0000000000, 1.7965599298
    ~ 1 Vertex position / uv / normal / tangent / binormal 
0.5000000000, -0.5000000000, 0.5000000000
0.6250000000, 0.0000000000, 
0.0000000000, 0.0000000000, 1.0000000000
1.0000000000, -0.0000000000, 0.0000000000
0.0000000000, 1.0000000000, -0.0000000000
-0.0000000000, 1.7937337160, 0.0000000000, 1.6983244419
-2.0000000000, 1.8000682592, 2.0000000000, 1.7055526972
    ~ 2 Vertex position / uv / normal / tangent / binormal 
-0.5000000000, 0.5000000000, 0.5000000000
0.3750000000, 0.2500000000, 
0.0000000000, 0.0000000000, 1.0000000000
1.0000000000, -0.0000000000, 0.0000000000
0.0000000000, 1.0000000000, -0.0000000000
2.0000000000, 1.7071800232, -0.0000000000, 1.5356361866
-0.0000000000, 1.7074655294, -0.0000000000, 1.7929950953
    ~ 3 Vertex position / uv / normal / tangent / binormal 
-0.5000000000, 0.5000000000, 0.5000000000
0.3750000000, 0.2500000000, 
0.0000000000, 0.0000000000, 1.0000000000
1.0000000000, -0.0000000000, 0.0000000000
0.0000000000, 1.0000000000, -0.0000000000
0.0000000000, 1.5185657740, 0.0000000000, 1.7822837830
0.0000000000, 1.5185657740, 0.0000000000, 1.8279240131
    ~ 4 Vertex position / uv / normal / tangent / binormal 
0.5000000000, -0.5000000000, 0.5000000000
0.6250000000, 0.0000000000, 
0.0000000000, 0.0000000000, 1.0000000000
1.0000000000, -0.0000000000, 0.0000000000
0.0000000000, 1.0000000000, -0.0000000000
0.0000000000, 1.8279240131, -36893488147419103232.0000000000, 1.4427571297
0.0000000000, 1.7822837830, -36893488147419103232.0000000000, 1.4427571297
    ~ 5 Vertex position / uv / normal / tangent / binormal 
0.5000000000, 0.5000000000, 0.5000000000
0.6250000000, 0.2500000000, 
0.0000000000, 0.0000000000, 1.0000000000
1.0000000000, -0.0000000000, 0.0000000000
0.0000000000, 1.0000000000, -0.0000000000
0.0000000000, 1.5078736544, 0.0000000000, 1.8279240131
0.0000000000, 1.5051037073, 0.0000000000, 1.7822837830
    ~ 6 Vertex position / uv / normal / tangent / binormal 
-0.5000000000, 0.5000000000, 0.5000000000
0.3750000000, 0.2500000000, 
0.0000000000, 1.0000000000, 0.0000000000
1.0000000000, -0.0000000000, 0.0000000000
0.0000000000, 0.0000000000, -1.0000000000
0.0000000000, 1.7264398336, 0.0000000000, 1.7900261879
-2.0000000000, 1.7261542082, 0.0000000000, 1.7893337011
    ~ 7 Vertex position / uv / normal / tangent / binormal 
0.5000000000, 0.5000000000, 0.5000000000
0.6250000000, 0.2500000000, 
0.0000000000, 1.0000000000, 0.0000000000
1.0000000000, 0.0000000000, 0.0000000000
0.0000000000, 0.0000000000, -1.0000000000
-2.0000000000, 1.7818536758, 0.0000000000, 1.7256261110
0.0000000000, 1.7817109823, -2.0000000000, 1.7245268822
    ~ 8 Vertex position / uv / normal / tangent / binormal 
-0.5000000000, 0.5000000000, -0.5000000000
0.3750000000, 0.5000000000, 
0.0000000000, 1.0000000000, 0.0000000000
1.0000000000, 0.0000000000, 0.0000000000
0.0000000000, 0.0000000000, -1.0000000000
0.0000000000, 1.8279240131, 0.0000000000, 1.6999181509
0.0000000000, 1.7822837830, 0.0000000000, 1.6999181509
    ~ 9 Vertex position / uv / normal / tangent / binormal 
-0.5000000000, 0.5000000000, -0.5000000000
0.3750000000, 0.5000000000, 
0.0000000000, 1.0000000000, 0.0000000000
1.0000000000, 0.0000000000, 0.0000000000
0.0000000000, 0.0000000000, -1.0000000000
36893488147419103232.0000000000, 1.6945512295, 0.0000000000, 1.8279240131
-0.0000000000, 1.6873229742, 0.0000000000, 1.7822837830
    ~ 10 Vertex position / uv / normal / tangent / binormal 
0.5000000000, 0.5000000000, 0.5000000000
0.6250000000, 0.2500000000, 
0.0000000000, 1.0000000000, 0.0000000000
1.0000000000, 0.0000000000, 0.0000000000
0.0000000000, 0.0000000000, -1.0000000000
0.0000000000, 1.7822837830, -2.0000000000, 1.6974339485
0.0000000000, 1.8279240131, -2.0000000000, 1.6833410263
    ~ 11 Vertex position / uv / normal / tangent / binormal 
0.5000000000, 0.5000000000, -0.5000000000
0.6250000000, 0.5000000000, 
0.0000000000, 1.0000000000, 0.0000000000
1.0000000000, 0.0000000000, 0.0000000000
0.0000000000, 0.0000000000, -1.0000000000
0.0000000000, 1.8375424147, 0.0000000000, 1.6983244419
36893488147419103232.0000000000, 1.8361575603, 0.0000000000, 1.6999517679
    ~ 12 Vertex position / uv / normal / tangent / binormal 
-0.5000000000, 0.5000000000, -0.5000000000
0.3750000000, 0.5000000000, 
0.0000000000, 0.0000000000, -1.0000000000
1.0000000000, 0.0000000000, 0.0000000000
0.0000000000, -1.0000000000, 0.0000000000
-0.0000000000, 1.6983244419, 0.0000000000, 1.8347162008
0.0000000000, 1.7055526972, 36893488147419103232.0000000000, 1.8333313465
    ~ 13 Vertex position / uv / normal / tangent / binormal 
0.5000000000, 0.5000000000, -0.5000000000
0.6250000000, 0.5000000000, 
0.0000000000, 0.0000000000, -1.0000000000
1.0000000000, 0.0000000000, 0.0000000000
0.0000000000, -1.0000000000, 0.0000000000
2.0000000000, 1.6862238646, 0.0000000000, 1.8279240131
2.0000000000, 1.8325927258, -0.0000000000, 1.7071800232
    ~ 14 Vertex position / uv / normal / tangent / binormal 
-0.5000000000, -0.5000000000, -0.5000000000
0.3750000000, 0.7500000000, 
0.0000000000, 0.0000000000, -1.0000000000
1.0000000000, 0.0000000000, 0.0000000000
0.0000000000, -1.0000000000, 0.0000000000
0.0000000000, 1.7822837830, 2.0000000000, 1.6608465910
0.0000000000, 1.8279240131, -2.0000000000, 1.6776885986
    ~ 15 Vertex position / uv / normal / tangent / binormal 
-0.5000000000, -0.5000000000, -0.5000000000
0.3750000000, 0.7500000000, 
0.0000000000, 0.0000000000, -1.0000000000
1.0000000000, 0.0000000000, 0.0000000000
0.0000000000, -1.0000000000, 0.0000000000
36893488147419103232.0000000000, 1.6540949345, 0.0000000000, 1.7822837830
36893488147419103232.0000000000, 1.6540949345, 0.0000000000, 1.8279240131
    ~ 16 Vertex position / uv / normal / tangent / binormal 
0.5000000000, 0.5000000000, -0.5000000000
0.6250000000, 0.5000000000, 
0.0000000000, 0.0000000000, -1.0000000000
1.0000000000, 0.0000000000, 0.0000000000
0.0000000000, -1.0000000000, 0.0000000000
0.0000000000, 1.8279240131, 36893488147419103232.0000000000, 1.6723425388
0.0000000000, 1.7822837830, 36893488147419103232.0000000000, 1.6723425388
    ~ 17 Vertex position / uv / normal / tangent / binormal 
0.5000000000, -0.5000000000, -0.5000000000
0.6250000000, 0.7500000000, 
0.0000000000, 0.0000000000, -1.0000000000
1.0000000000, 0.0000000000, 0.0000000000
0.0000000000, -1.0000000000, 0.0000000000
36893488147419103232.0000000000, 1.8296236992, -0.0000000000, 1.7066518068
36893488147419103232.0000000000, 1.8289312124, 0.0000000000, 1.7074656487
    ~ 18 Vertex position / uv / normal / tangent / binormal 
-0.5000000000, -0.5000000000, -0.5000000000
0.3750000000, 0.7500000000, 
0.0000000000, -1.0000000000, 0.0000000000
1.0000000000, 0.0000000000, -0.0000000000
0.0000000000, 0.0000000000, 1.0000000000
-0.0000000000, 1.7066518068, -36893488147419103232.0000000000, 1.8221436739
2.0000000000, 1.7055526972, -36893488147419103232.0000000000, 1.8214511871
    ~ 19 Vertex position / uv / normal / tangent / binormal 
0.5000000000, -0.5000000000, -0.5000000000
0.6250000000, 0.7500000000, 
0.0000000000, -1.0000000000, 0.0000000000
1.0000000000, 0.0000000000, -0.0000000000
0.0000000000, 0.0000000000, 1.0000000000
2.0000000000, 1.2037891150, 0.0000000000, 0.8762450218
-0.0000000000, 0.8698062897, 0.0000000000, 0.8762450218
    ~ 20 Vertex position / uv / normal / tangent / binormal 
-0.5000000000, -0.5000000000, 0.5000000000
0.3750000000, 1.0000000000, 
0.0000000000, -1.0000000000, 0.0000000000
1.0000000000, 0.0000000000, -0.0000000000
0.0000000000, 0.0000000000, 1.0000000000
-36893488147419103232.0000000000, 1.5975013971, 0.0000000000, 1.7756440639
0.0000000000, 0.8762450218, -2.0000000000, 1.7697435617
    ~ 21 Vertex position / uv / normal / tangent / binormal 
-0.5000000000, -0.5000000000, 0.5000000000
0.3750000000, 1.0000000000, 
0.0000000000, -1.0000000000, 0.0000000000
1.0000000000, 0.0000000000, -0.0000000000
0.0000000000, 0.0000000000, 1.0000000000
2.0000000000, 1.7775274515, 0.0000000000, 0.8762450218
-0.0000000000, 1.3448425531, 0.0000000000, 1.7813460827
    ~ 22 Vertex position / uv / normal / tangent / binormal 
0.5000000000, -0.5000000000, -0.5000000000
0.6250000000, 0.7500000000, 
0.0000000000, -1.0000000000, 0.0000000000
1.0000000000, 0.0000000000, -0.0000000000
0.0000000000, 0.0000000000, 1.0000000000
-0.0000000000, 1.3579601049, 36893488147419103232.0000000000, 1.4526567459
-0.0000000000, 1.3579601049, -2.0000000000, 1.6191694736
    ~ 23 Vertex position / uv / normal / tangent / binormal 
0.5000000000, -0.5000000000, 0.5000000000
0.6250000000, 1.0000000000, 
0.0000000000, -1.0000000000, 0.0000000000
1.0000000000, 0.0000000000, -0.0000000000
0.0000000000, 0.0000000000, 1.0000000000
36893488147419103232.0000000000, 1.7356371880, -36893488147419103232.0000000000, 1.5877220631
0.0000000000, 1.6642166376, -36893488147419103232.0000000000, 1.5877220631
    ~ 24 Vertex position / uv / normal / tangent / binormal 
0.5000000000, -0.5000000000, 0.5000000000
0.6250000000, 0.0000000000, 
1.0000000000, 0.0000000000, 0.0000000000
0.0000000000, 0.0000000000, -1.0000000000
-0.0000000000, 1.0000000000, 0.0000000000
0.0000000000, 0.8762450218, -2.0000000000, 1.6415017843
-2.0000000000, 1.7813459635, 0.0000000000, 1.3749771118
    ~ 25 Vertex position / uv / normal / tangent / binormal 
0.5000000000, -0.5000000000, -0.5000000000
0.8750000000, 0.0000000000, 
1.0000000000, 0.0000000000, 0.0000000000
0.0000000000, 0.0000000000, -1.0000000000
-0.0000000000, 1.0000000000, 0.0000000000
0.0000000000, 1.3749771118, -0.0000000000, 1.6284565926
-36893488147419103232.0000000000, 1.6268011332, -0.0000000000, 1.5979237556
    ~ 26 Vertex position / uv / normal / tangent / binormal 
0.5000000000, 0.5000000000, 0.5000000000
0.6250000000, 0.2500000000, 
1.0000000000, 0.0000000000, 0.0000000000
0.0000000000, 0.0000000000, -1.0000000000
-0.0000000000, 1.0000000000, 0.0000000000
0.0000000000, 1.3171535730, 2.0000000000, 1.7525271177
0.0000000000, 1.3171535730, -0.0000000000, 1.7403535843
    ~ 27 Vertex position / uv / normal / tangent / binormal 
0.5000000000, 0.5000000000, 0.5000000000
0.6250000000, 0.2500000000, 
1.0000000000, 0.0000000000, 0.0000000000
0.0000000000, 0.0000000000, -1.0000000000
-0.0000000000, 1.0000000000, 0.0000000000
-0.0000000000, 1.7403535843, -0.0000000000, 1.6422359943
-0.0000000000, 1.6595001221, -0.0000000000, 1.6422359943
    ~ 28 Vertex position / uv / normal / tangent / binormal 
0.5000000000, -0.5000000000, -0.5000000000
0.8750000000, 0.0000000000, 
1.0000000000, 0.0000000000, 0.0000000000
0.0000000000, 0.0000000000, -1.0000000000
-0.0000000000, 1.0000000000, 0.0000000000
-0.0000000000, 1.6422359943, -36893488147419103232.0000000000, 1.6268011332
-2.0000000000, 1.7702697515, -2.0000000000, 1.4337910414
    ~ 29 Vertex position / uv / normal / tangent / binormal 
0.5000000000, 0.5000000000, -0.5000000000
0.8750000000, 0.2500000000, 
1.0000000000, 0.0000000000, 0.0000000000
0.0000000000, -0.0000000000, -1.0000000000
0.0000000000, 1.0000000000, -0.0000000000
2.0000000000, 1.5272372961, 0.0000000000, 1.8692884445
-2.0000000000, 1.4337910414, -2.0000000000, 1.7702697515
    ~ 30 Vertex position / uv / normal / tangent / binormal 
-0.5000000000, -0.5000000000, -0.5000000000
0.1250000000, 0.0000000000, 
-1.0000000000, 0.0000000000, 0.0000000000
0.0000000000, -0.0000000000, 1.0000000000
0.0000000000, 1.0000000000, 0.0000000000
0.0000000000, 0.8762450218, 0.0000000000, 1.7600764036
2.0000000000, 1.6492996216, -2.0000000000, 1.7541759014
    ~ 31 Vertex position / uv / normal / tangent / binormal 
-0.5000000000, -0.5000000000, 0.5000000000
0.3750000000, 0.0000000000, 
-1.0000000000, 0.0000000000, 0.0000000000
0.0000000000, -0.0000000000, 1.0000000000
0.0000000000, 1.0000000000, 0.0000000000
-36893488147419103232.0000000000, 1.5819742680, 2.0000000000, 1.8288617134
-36893488147419103232.0000000000, 1.5819742680, 36893488147419103232.0000000000, 1.8692884445
    ~ 32 Vertex position / uv / normal / tangent / binormal 
-0.5000000000, 0.5000000000, -0.5000000000
0.1250000000, 0.2500000000, 
-1.0000000000, 0.0000000000, 0.0000000000
0.0000000000, -0.0000000000, 1.0000000000
0.0000000000, 1.0000000000, 0.0000000000
2.0000000000, 1.8339743614, 2.0000000000, 1.6096853018
0.0000000000, 0.8762450218, 36893488147419103232.0000000000, 1.6082301140
    ~ 33 Vertex position / uv / normal / tangent / binormal 
-0.5000000000, 0.5000000000, -0.5000000000
0.1250000000, 0.2500000000, 
-1.0000000000, 0.0000000000, 0.0000000000
0.0000000000, -0.0000000000, 1.0000000000
0.0000000000, 1.0000000000, 0.0000000000
-2.0000000000, 1.6082299948, -2.0000000000, 1.8323538303
-0.0000000000, 1.6222426891, -2.0000000000, 1.8318345547
    ~ 34 Vertex position / uv / normal / tangent / binormal 
-0.5000000000, -0.5000000000, 0.5000000000
0.3750000000, 0.0000000000, 
-1.0000000000, 0.0000000000, 0.0000000000
0.0000000000, -0.0000000000, 1.0000000000
0.0000000000, 1.0000000000, 0.0000000000
0.0000000000, 1.8296834230, -2.0000000000, 1.6020653248
-2.0000000000, 1.8323538303, 2.0000000000, 1.5957597494
    ~ 35 Vertex position / uv / normal / tangent / binormal 
-0.5000000000, 0.5000000000, 0.5000000000
0.3750000000, 0.2500000000, 
-1.0000000000, 0.0000000000, 0.0000000000
0.0000000000, -0.0000000000, 1.0000000000
0.0000000000, 1.0000000000, 0.0000000000
2.0000000000, 1.5957597494, 0.0000000000, 1.8366448879
-36893488147419103232.0000000000, 1.6035206318, 2.0000000000, 1.8339743614
    //^ Mesh 1 Vertices  --------------------

    //v Mesh 1 Joints  --------------------
    //^ Mesh 1 Joints  --------------------

    //v Mesh 1 Animations  --------------------
    //^ Mesh 1 Animations  --------------------

//v Mesh 2 Header  --------------------
    Mesh name: 
pPad5
    Material ID : 
1
    Translation vector: 
0.0000000000, 0.0000000000, 0.0000000000
    Rotation vector: 
0.0000000000, 0.0000000000, 0.0000000000
    Scale vector: 
1.0000000000, 1.0000000000, 1.0000000000
    Is child: 
0
    Parent Name: 
RootNode
    Parent type: 
-1
  # Attribute type: 
4
  # Attribute link: 
1
  # Attribute dir: 
6
  # Attribute dist: 
0.0740000010
  # Attribute collect: 
0
  # Vertex count: 
90
    Joint count: 
0
    Animation count: 
0
//^ Mesh 2 Header  --------------------

    //v Mesh 2 Vertices  --------------------
    ~ 0 Vertex position / uv / normal / tangent / binormal 
-0.5449609756, 0.1091579497, 10.5235767365
0.0584738255, 0.2375177145, 
-0.7071052790, 0.0000000000, 0.7071083188
0.7071030736, 0.0038565628, 0.7071000338
-0.0027270077, 0.9999926090, -0.0027269959
0.0000000000, 0.0000000000, 0.0000000000, 0.0000000000
0.0000000000, 0.0000000000, 0.0000000000, 0.0000000000
    ~ 1 Vertex position / uv / normal / tangent / binormal 
-0.5208811760, 0.1091579497, 10.5476551056
0.0631470382, 0.2374593616, 
-0.7071053386, 0.0000000000, 0.7071081996
0.7071029544, 0.0038565623, 0.7071000934
-0.0027270068, 0.9999925494, -0.0027269959
0.0000000000, 0.0000000000, 0.0000000000, 0.0000000000
0.0000000000, 0.0000000000, 0.0000000000, 0.0000000000
    ~ 2 Vertex position / uv / normal / tangent / binormal 
-0.5449609756, 0.2391967773, 10.5235767365
0.0586587787, 0.2952976823, 
-0.7071063519, 0.0000000000, 0.7071072459
0.7071020007, 0.0038565628, 0.7071011066
-0.0027270035, 0.9999926090, -0.0027270000
0.0000000000, 0.0000000000, 0.0000000000, 0.0000000000
0.0000000000, 0.0000000000, 0.0000000000, 0.0000000000
    ~ 3 Vertex position / uv / normal / tangent / binormal 
-0.5449609756, 0.2391967773, 10.5235767365
0.0586587787, 0.2952976823, 
-0.7071063519, 0.0000000000, 0.7071072459
0.7071020007, 0.0038565628, 0.7071011066
-0.0027270035, 0.9999926090, -0.0027270000
0.0000000000, 0.0000000000, 0.0000000000, 0.0000000000
0.0000000000, 0.0000000000, 0.0000000000, 0.0000000000
    ~ 4 Vertex position / uv / normal / tangent / binormal 
-0.5208811760, 0.1091579497, 10.5476551056
0.0631470382, 0.2374593616, 
-0.7071053386, 0.0000000000, 0.7071081996
0.7071029544, 0.0038565623, 0.7071000934
-0.0027270068, 0.9999925494, -0.0027269959
0.0000000000, 0.0000000000, 0.0000000000, 0.0000000000
0.0000000000, 0.0000000000, 0.0000000000, 0.0000000000
    ~ 5 Vertex position / uv / normal / tangent / binormal 
-0.5208811760, 0.2391967773, 10.5476551056
0.0633320212, 0.2952393293, 
-0.7071064711, 0.0000000000, 0.7071070671
0.7071018219, 0.0038565623, 0.7071012259
-0.0027270024, 0.9999925494, -0.0027270003
0.0000000000, 0.0000000000, 0.0000000000, 0.0000000000
0.0000000000, 0.0000000000, 0.0000000000, 0.0000000000
    ~ 6 Vertex position / uv / normal / tangent / binormal 
-0.5449609756, 0.2391967773, 10.5235767365
0.2234409750, 0.0607507229, 
-0.5145036578, 0.8574882150, 0.0000000000
-0.0000704646, -0.0000422796, 1.0000000000
0.8574882150, 0.5145036578, 0.0000821756
0.0000000000, 0.0000000000, 0.0000000000, 0.0000000000
0.0000000000, 0.0000000000, 0.0000000000, 0.0000000000
    ~ 7 Vertex position / uv / normal / tangent / binormal 
-0.5208811760, 0.2536438704, 10.5235767365
0.2234402001, 0.0663857460, 
-0.5145034194, 0.8574883342, 0.0000000000
-0.0000704646, -0.0000422796, 1.0000000000
0.8574883342, 0.5145034194, 0.0000821756
0.0000000000, 0.0000000000, 0.0000000000, 0.0000000000
0.0000000000, 0.0000000000, 0.0000000000, 0.0000000000
    ~ 8 Vertex position / uv / normal / tangent / binormal 
-0.5449609756, 0.2391967773, 9.4355888367
0.0961307883, 0.0607327819, 
-0.5144895315, 0.8574966788, 0.0000000000
-0.0000704653, -0.0000422785, 1.0000000000
0.8574966788, 0.5144895315, 0.0000821756
0.0000000000, 0.0000000000, 0.0000000000, 0.0000000000
0.0000000000, 0.0000000000, 0.0000000000, 0.0000000000
    ~ 9 Vertex position / uv / normal / tangent / binormal 
-0.5449609756, 0.2391967773, 9.4355888367
0.0961307883, 0.0607327819, 
-0.5144895315, 0.8574966788, 0.0000000000
-0.0000702305, -0.0000421376, 1.0000000000
0.8574966788, 0.5144895315, 0.0000819017
0.0000000000, 0.0000000000, 0.0000000000, 0.0000000000
0.0000000000, 0.0000000000, 0.0000000000, 0.0000000000
    ~ 10 Vertex position / uv / normal / tangent / binormal 
-0.5208811760, 0.2536438704, 10.5235767365
0.2234402001, 0.0663857460, 
-0.5145034194, 0.8574883342, 0.0000000000
-0.0000702298, -0.0000421387, 1.0000000000
0.8574883342, 0.5145034194, 0.0000819017
0.0000000000, 0.0000000000, 0.0000000000, 0.0000000000
0.0000000000, 0.0000000000, 0.0000000000, 0.0000000000
    ~ 11 Vertex position / uv / normal / tangent / binormal 
-0.5208811760, 0.2536438704, 9.4355888367
0.0961299986, 0.0663678646, 
-0.5144891739, 0.8574969769, 0.0000000000
-0.0000702305, -0.0000421375, 1.0000000000
0.8574968576, 0.5144891143, 0.0000819017
0.0000000000, 0.0000000000, 0.0000000000, 0.0000000000
0.0000000000, 0.0000000000, 0.0000000000, 0.0000000000
    ~ 12 Vertex position / uv / normal / tangent / binormal 
-0.5208811760, 0.2536438704, 10.5235767365
0.2234402001, 0.0663857460, 
-0.0000000000, 0.8574926257, 0.5144962072
-0.0002539633, -0.5144962072, 0.8574926257
1.0000000000, -0.0001306632, 0.0002177717
0.0000000000, 0.0000000000, 0.0000000000, 0.0000000000
0.0000000000, 0.0000000000, 0.0000000000, 0.0000000000
    ~ 13 Vertex position / uv / normal / tangent / binormal 
-0.5208811760, 0.2391967773, 10.5476551056
0.2290752828, 0.0663865805, 
-0.0000000000, 0.8574926853, 0.5144962072
-0.0002539633, -0.5144961476, 0.8574926257
1.0000000000, -0.0001306632, 0.0002177717
0.0000000000, 0.0000000000, 0.0000000000, 0.0000000000
0.0000000000, 0.0000000000, 0.0000000000, 0.0000000000
    ~ 14 Vertex position / uv / normal / tangent / binormal 
0.5207217932, 0.2536438704, 10.5235767365
0.2234230638, 0.1882684827, 
-0.0000000000, 0.8574934602, 0.5144950747
-0.0002539633, -0.5144950151, 0.8574933410
1.0000000000, -0.0001306629, 0.0002177719
0.0000000000, 0.0000000000, 0.0000000000, 0.0000000000
0.0000000000, 0.0000000000, 0.0000000000, 0.0000000000
    ~ 15 Vertex position / uv / normal / tangent / binormal 
0.5207217932, 0.2536438704, 10.5235767365
0.2234230638, 0.1882684827, 
-0.0000000000, 0.8574934602, 0.5144950747
-0.0002358232, -0.5144950151, 0.8574933410
1.0000000000, -0.0001213299, 0.0002022168
0.0000000000, 0.0000000000, 0.0000000000, 0.0000000000
0.0000000000, 0.0000000000, 0.0000000000, 0.0000000000
    ~ 16 Vertex position / uv / normal / tangent / binormal 
-0.5208811760, 0.2391967773, 10.5476551056
0.2290752828, 0.0663865805, 
-0.0000000000, 0.8574926853, 0.5144962072
-0.0002358232, -0.5144962072, 0.8574926257
1.0000000000, -0.0001213302, 0.0002022167
0.0000000000, 0.0000000000, 0.0000000000, 0.0000000000
0.0000000000, 0.0000000000, 0.0000000000, 0.0000000000
    ~ 17 Vertex position / uv / normal / tangent / binormal 
0.5207217932, 0.2391967773, 10.5476551056
0.2290581465, 0.1882692575, 
-0.0000000000, 0.8574934602, 0.5144950747
-0.0002358232, -0.5144950151, 0.8574933410
1.0000000000, -0.0001213299, 0.0002022168
0.0000000000, 0.0000000000, 0.0000000000, 0.0000000000
0.0000000000, 0.0000000000, 0.0000000000, 0.0000000000
    ~ 18 Vertex position / uv / normal / tangent / binormal 
0.5207217932, 0.1091579497, 10.5476551056
0.2653037906, 0.2349355817, 
0.7071062922, 0.0000000000, 0.7071073651
0.7071020603, 0.0038606201, -0.7071009874
-0.0027298729, 0.9999926090, 0.0027298687
0.0000000000, 0.0000000000, 0.0000000000, 0.0000000000
0.0000000000, 0.0000000000, 0.0000000000, 0.0000000000
    ~ 19 Vertex position / uv / normal / tangent / binormal 
0.5448001623, 0.1091579497, 10.5235767365
0.2699770331, 0.2348771691, 
0.7071061134, 0.0000000000, 0.7071074843
0.7071021795, 0.0038606201, -0.7071008086
-0.0027298734, 0.9999925494, 0.0027298681
0.0000000000, 0.0000000000, 0.0000000000, 0.0000000000
0.0000000000, 0.0000000000, 0.0000000000, 0.0000000000
    ~ 20 Vertex position / uv / normal / tangent / binormal 
0.5207217932, 0.2391967773, 10.5476551056
0.2654888034, 0.2927154899, 
0.7071055770, 0.0000000000, 0.7071079612
0.7071027160, 0.0038606201, -0.7071003318
-0.0027298753, 0.9999925494, 0.0027298660
0.0000000000, 0.0000000000, 0.0000000000, 0.0000000000
0.0000000000, 0.0000000000, 0.0000000000, 0.0000000000
    ~ 21 Vertex position / uv / normal / tangent / binormal 
0.5207217932, 0.2391967773, 10.5476551056
0.2654888034, 0.2927154899, 
0.7071055770, 0.0000000000, 0.7071079612
0.7071027160, 0.0038566769, -0.7071003318
-0.0027270869, 0.9999925494, 0.0027270778
0.0000000000, 0.0000000000, 0.0000000000, 0.0000000000
0.0000000000, 0.0000000000, 0.0000000000, 0.0000000000
    ~ 22 Vertex position / uv / normal / tangent / binormal 
0.5448001623, 0.1091579497, 10.5235767365
0.2699770331, 0.2348771691, 
0.7071061134, 0.0000000000, 0.7071074843
0.7071021795, 0.0038566769, -0.7071008086
-0.0027270850, 0.9999925494, 0.0027270799
0.0000000000, 0.0000000000, 0.0000000000, 0.0000000000
0.0000000000, 0.0000000000, 0.0000000000, 0.0000000000
    ~ 23 Vertex position / uv / normal / tangent / binormal 
0.5448001623, 0.2391967773, 10.5235767365
0.2701620460, 0.2926571369, 
0.7071054578, 0.0000000000, 0.7071081996
0.7071028948, 0.0038566769, -0.7071001530
-0.0027270878, 0.9999926090, 0.0027270773
0.0000000000, 0.0000000000, 0.0000000000, 0.0000000000
0.0000000000, 0.0000000000, 0.0000000000, 0.0000000000
    ~ 24 Vertex position / uv / normal / tangent / binormal 
0.5207217932, 0.2536438704, 10.5235767365
0.2234230638, 0.1882684827, 
0.5144964457, 0.8574925661, 0.0000000000
