  //v File Header --------------------
  # Mesh count [(int)]
17
  # Material count [(int)]
1
  //^ File Header --------------------

    //v Mesh 0 Header  --------------------

  # Mesh name [(char) * 256]: 
goalDoorRight
  # Material count [(int)]: 
1
  # Vertex count [(int)]: 
36
    //^ Mesh 0 Header  --------------------

  * 0 Vertex position / uv / normal / tangent / binormal [(float) * 14]
-0.24238, -2.85282, 18.09846
0.49037, 0.06251, 
0.99959, 0.00000, -0.02876
-0.02876, 0.00084, -0.99959
0.00002, 1.00000, 0.00084

  * 1 Vertex position / uv / normal / tangent / binormal [(float) * 14]
-0.24866, -2.85282, 17.88029
0.51557, 0.06249, 
0.99959, 0.00000, -0.02876
-0.02876, 0.00084, -0.99959
0.00002, 1.00000, 0.00084

  * 2 Vertex position / uv / normal / tangent / binormal [(float) * 14]
-0.24238, -0.49661, 18.09846
0.49060, 0.33456, 
0.99959, 0.00000, -0.02877
-0.02877, 0.00084, -0.99959
0.00002, 1.00000, 0.00084

  * 3 Vertex position / uv / normal / tangent / binormal [(float) * 14]
-0.24238, -0.49661, 18.09846
0.49060, 0.33456, 
0.99959, 0.00000, -0.02877
-0.02877, 0.00084, -0.99959
0.00002, 1.00000, 0.00084

  * 4 Vertex position / uv / normal / tangent / binormal [(float) * 14]
-0.24866, -2.85282, 17.88029
0.51557, 0.06249, 
0.99959, 0.00000, -0.02876
-0.02876, 0.00084, -0.99959
0.00002, 1.00000, 0.00084

  * 5 Vertex position / uv / normal / tangent / binormal [(float) * 14]
-0.24866, -0.49661, 17.88029
0.51580, 0.33454, 
0.99959, 0.00000, -0.02877
-0.02877, 0.00084, -0.99959
0.00002, 1.00000, 0.00084

  * 6 Vertex position / uv / normal / tangent / binormal [(float) * 14]
-0.24238, -0.49661, 18.09846
0.49060, 0.33456, 
0.00000, 1.00000, 0.00000
-0.02946, 0.00000, -0.99957
-0.99957, 0.00000, 0.02946

  * 7 Vertex position / uv / normal / tangent / binormal [(float) * 14]
-0.24866, -0.49661, 17.88029
0.51580, 0.33454, 
0.00000, 1.00000, 0.00000
-0.02946, 0.00000, -0.99957
-0.99957, 0.00000, 0.02946

  * 8 Vertex position / uv / normal / tangent / binormal [(float) * 14]
-1.02831, -0.49661, 18.11592
0.49184, 0.44467, 
0.00000, 1.00000, 0.00000
-0.02946, 0.00000, -0.99957
-0.99957, 0.00000, 0.02946

  * 9 Vertex position / uv / normal / tangent / binormal [(float) * 14]
-1.02831, -0.49661, 18.11592
0.49184, 0.44467, 
0.00000, 1.00000, 0.00000
-0.02946, 0.00000, -0.99957
-0.99957, 0.00000, 0.02946

  * 10 Vertex position / uv / normal / tangent / binormal [(float) * 14]
-0.24866, -0.49661, 17.88029
0.51580, 0.33454, 
0.00000, 1.00000, 0.00000
-0.02946, 0.00000, -0.99957
-0.99957, 0.00000, 0.02946

  * 11 Vertex position / uv / normal / tangent / binormal [(float) * 14]
-1.03459, -0.49661, 17.89775
0.51704, 0.44465, 
0.00000, 1.00000, 0.00000
-0.02946, 0.00000, -0.99957
-0.99957, 0.00000, 0.02946

  * 12 Vertex position / uv / normal / tangent / binormal [(float) * 14]
-1.02831, -0.49661, 18.11592
0.49184, 0.44467, 
-0.99959, 0.00000, 0.02877
-0.02877, -0.00084, -0.99959
0.00002, -1.00000, 0.00084

  * 13 Vertex position / uv / normal / tangent / binormal [(float) * 14]
-1.03459, -0.49661, 17.89775
0.51704, 0.44465, 
-0.99959, 0.00000, 0.02877
-0.02877, -0.00084, -0.99959
0.00002, -1.00000, 0.00084

  * 14 Vertex position / uv / normal / tangent / binormal [(float) * 14]
-1.02831, -2.85282, 18.11592
0.49207, 0.71673, 
-0.99959, 0.00000, 0.02877
-0.02877, -0.00084, -0.99959
0.00002, -1.00000, 0.00084

  * 15 Vertex position / uv / normal / tangent / binormal [(float) * 14]
-1.02831, -2.85282, 18.11592
0.49207, 0.71673, 
-0.99959, 0.00000, 0.02877
-0.02877, -0.00083, -0.99959
0.00002, -1.00000, 0.00083

  * 16 Vertex position / uv / normal / tangent / binormal [(float) * 14]
-1.03459, -0.49661, 17.89775
0.51704, 0.44465, 
-0.99959, 0.00000, 0.02877
-0.02877, -0.00083, -0.99959
0.00002, -1.00000, 0.00083

  * 17 Vertex position / uv / normal / tangent / binormal [(float) * 14]
-1.03459, -2.85282, 17.89775
0.51727, 0.71671, 
-0.99959, 0.00000, 0.02877
-0.02877, -0.00083, -0.99959
0.00002, -1.00000, 0.00083

  * 18 Vertex position / uv / normal / tangent / binormal [(float) * 14]
-1.03459, -2.85282, 17.89775
0.51727, 0.71671, 
0.00000, -1.00000, 0.00000
-0.02808, 0.00000, -0.99961
0.99961, 0.00000, -0.02808

  * 19 Vertex position / uv / normal / tangent / binormal [(float) * 14]
-0.24866, -2.85282, 17.88029
0.51621, 0.82682, 
0.00000, -1.00000, 0.00000
-0.02808, 0.00000, -0.99961
0.99961, 0.00000, -0.02808

  * 20 Vertex position / uv / normal / tangent / binormal [(float) * 14]
-1.02831, -2.85282, 18.11592
0.49207, 0.71673, 
0.00000, -1.00000, 0.00000
-0.02808, 0.00000, -0.99961
0.99961, 0.00000, -0.02808

  * 21 Vertex position / uv / normal / tangent / binormal [(float) * 14]
-1.02831, -2.85282, 18.11592
0.49207, 0.71673, 
0.00000, -1.00000, 0.00000
-0.02809, 0.00000, -0.99961
0.99961, 0.00000, -0.02809

  * 22 Vertex position / uv / normal / tangent / binormal [(float) * 14]
-0.24866, -2.85282, 17.88029
0.51621, 0.82682, 
0.00000, -1.00000, 0.00000
-0.02809, 0.00000, -0.99961
0.99961, 0.00000, -0.02809

  * 23 Vertex position / uv / normal / tangent / binormal [(float) * 14]
-0.24238, -2.85282, 18.09846
0.49101, 0.82684, 
0.00000, -1.00000, 0.00000
-0.02809, 0.00000, -0.99961
0.99961, 0.00000, -0.02809

  * 24 Vertex position / uv / normal / tangent / binormal [(float) * 14]
-0.24866, -2.85282, 17.88029
0.51557, 0.06249, 
-0.01831, 0.00000, -0.99983
-0.99983, 0.00102, 0.01831
0.00102, 1.00000, -0.00002

  * 25 Vertex position / uv / normal / tangent / binormal [(float) * 14]
-1.03459, -2.85282, 17.89775
0.62568, 0.06239, 
-0.01831, 0.00000, -0.99983
-0.99983, 0.00102, 0.01831
0.00102, 1.00000, -0.00002

  * 26 Vertex position / uv / normal / tangent / binormal [(float) * 14]
-0.24866, -0.49661, 17.88029
0.51580, 0.33454, 
-0.01831, 0.00000, -0.99983
-0.99983, 0.00102, 0.01831
0.00102, 1.00000, -0.00002

  * 27 Vertex position / uv / normal / tangent / binormal [(float) * 14]
-0.24866, -0.49661, 17.88029
0.51580, 0.33454, 
-0.01831, 0.00000, -0.99983
-0.99983, 0.00102, 0.01831
0.00102, 1.00000, -0.00002

  * 28 Vertex position / uv / normal / tangent / binormal [(float) * 14]
-1.03459, -2.85282, 17.89775
0.62568, 0.06239, 
-0.01831, 0.00000, -0.99983
-0.99983, 0.00102, 0.01831
0.00102, 1.00000, -0.00002

  * 29 Vertex position / uv / normal / tangent / binormal [(float) * 14]
-1.03459, -0.49661, 17.89775
0.62591, 0.33445, 
-0.01831, 0.00000, -0.99983
-0.99983, 0.00102, 0.01831
0.00102, 1.00000, -0.00002

  * 30 Vertex position / uv / normal / tangent / binormal [(float) * 14]
-1.02831, -2.85282, 18.11592
0.38025, 0.06260, 
0.01831, 0.00000, 0.99983
0.99983, 0.00102, -0.01831
-0.00102, 1.00000, 0.00002

  * 31 Vertex position / uv / normal / tangent / binormal [(float) * 14]
-0.24238, -2.85282, 18.09846
0.49037, 0.06251, 
0.01831, 0.00000, 0.99983
0.99983, 0.00102, -0.01831
-0.00102, 1.00000, 0.00002

  * 32 Vertex position / uv / normal / tangent / binormal [(float) * 14]
-1.02831, -0.49661, 18.11592
0.38048, 0.33466, 
0.01831, 0.00000, 0.99983
0.99983, 0.00102, -0.01831
-0.00102, 1.00000, 0.00002

  * 33 Vertex position / uv / normal / tangent / binormal [(float) * 14]
-1.02831, -0.49661, 18.11592
0.38048, 0.33466, 
0.01831, 0.00000, 0.99983
0.99983, 0.00102, -0.01831
-0.00102, 1.00000, 0.00002

  * 34 Vertex position / uv / normal / tangent / binormal [(float) * 14]
-0.24238, -2.85282, 18.09846
0.49037, 0.06251, 
0.01831, 0.00000, 0.99983
0.99983, 0.00102, -0.01831
-0.00102, 1.00000, 0.00002

  * 35 Vertex position / uv / normal / tangent / binormal [(float) * 14]
-0.24238, -0.49661, 18.09846
0.49060, 0.33456, 
0.01831, 0.00000, 0.99983
0.99983, 0.00102, -0.01831
-0.00102, 1.00000, 0.00002


    //v Mesh 1 Header  --------------------

  # Mesh name [(char) * 256]: 
wallRight
  # Material count [(int)]: 
1
  # Vertex count [(int)]: 
12
    //^ Mesh 1 Header  --------------------

  * 0 Vertex position / uv / normal / tangent / binormal [(float) * 14]
-16.76065, -14.14893, 18.55282
0.34073, 0.01835, 
1.00000, 0.00000, 0.00000
0.00000, 0.00185, -1.00000
-0.00000, 1.00000, 0.00185

  * 1 Vertex position / uv / normal / tangent / binormal [(float) * 14]
-16.76065, -14.14893, -11.64820
0.67006, 0.01774, 
1.00000, 0.00000, 0.00000
0.00000, 0.00185, -1.00000
-0.00000, 1.00000, 0.00185

  * 2 Vertex position / uv / normal / tangent / binormal [(float) * 14]
-16.76065, 15.10051, 18.55282
0.34186, 0.33830, 
1.00000, 0.00000, 0.00000
0.00000, 0.00185, -1.00000
-0.00000, 1.00000, 0.00185

  * 3 Vertex position / uv / normal / tangent / binormal [(float) * 14]
-16.76065, 15.10051, 18.55282
0.34186, 0.33830, 
1.00000, 0.00000, 0.00000
-0.00000, 0.00185, -1.00000
-0.00000, 1.00000, 0.00185

  * 4 Vertex position / uv / normal / tangent / binormal [(float) * 14]
-16.76065, -14.14893, -11.64820
0.67006, 0.01774, 
1.00000, 0.00000, 0.00000
-0.00000, 0.00185, -1.00000
-0.00000, 1.00000, 0.00185

  * 5 Vertex position / uv / normal / tangent / binormal [(float) * 14]
-16.76065, 15.10051, -11.64820
0.67119, 0.33768, 
1.00000, 0.00000, 0.00000
-0.00000, 0.00185, -1.00000
-0.00000, 1.00000, 0.00185

  * 6 Vertex position / uv / normal / tangent / binormal [(float) * 14]
-17.38960, -14.14893, -11.64820
0.67040, 0.01148, 
0.00000, 0.00000, -1.00000
0.00388, 0.99999, 0.00000
0.99999, -0.00388, 0.00000

  * 7 Vertex position / uv / normal / tangent / binormal [(float) * 14]
-17.38960, 15.10051, -11.64820
0.99035, 0.01035, 
0.00000, 0.00000, -1.00000
0.00388, 0.99999, 0.00000
0.99999, -0.00388, 0.00000

  * 8 Vertex position / uv / normal / tangent / binormal [(float) * 14]
-16.76065, -14.14893, -11.64820
0.67006, 0.01774, 
0.00000, 0.00000, -1.00000
0.00388, 0.99999, 0.00000
0.99999, -0.00388, 0.00000

  * 9 Vertex position / uv / normal / tangent / binormal [(float) * 14]
-16.76065, -14.14893, -11.64820
0.67006, 0.01774, 
0.00000, 0.00000, -1.00000
0.00388, 0.99999, 0.00000
0.99999, -0.00388, 0.00000

  * 10 Vertex position / uv / normal / tangent / binormal [(float) * 14]
-17.38960, 15.10051, -11.64820
0.99035, 0.01035, 
0.00000, 0.00000, -1.00000
0.00388, 0.99999, 0.00000
0.99999, -0.00388, 0.00000

  * 11 Vertex position / uv / normal / tangent / binormal [(float) * 14]
-16.76065, 15.10051, -11.64820
0.99001, 0.01661, 
0.00000, 0.00000, -1.00000
0.00388, 0.99999, 0.00000
0.99999, -0.00388, 0.00000


    //v Mesh 2 Header  --------------------

  # Mesh name [(char) * 256]: 
goalDoorBody
  # Material count [(int)]: 
1
  # Vertex count [(int)]: 
30
    //^ Mesh 2 Header  --------------------

  * 0 Vertex position / uv / normal / tangent / binormal [(float) * 14]
-1.87524, -2.85282, 18.14166
0.44398, 0.02178, 
-0.99976, 0.00000, 0.02212
0.02212, 0.00526, 0.99974
-0.00012, 0.99999, -0.00526

  * 1 Vertex position / uv / normal / tangent / binormal [(float) * 14]
-1.85877, -2.85282, 18.88602
0.53466, 0.02130, 
-0.99976, 0.00000, 0.02212
0.02212, 0.00526, 0.99974
-0.00012, 0.99999, -0.00526

  * 2 Vertex position / uv / normal / tangent / binormal [(float) * 14]
-1.87524, -0.49661, 18.14166
0.44549, 0.30874, 
-0.99976, 0.00000, 0.02212
0.02212, 0.00526, 0.99974
-0.00012, 0.99999, -0.00526

  * 3 Vertex position / uv / normal / tangent / binormal [(float) * 14]
-1.87524, -0.49661, 18.14166
0.44549, 0.30874, 
-0.99976, 0.00000, 0.02212
0.02212, 0.00526, 0.99974
-0.00012, 0.99999, -0.00526

  * 4 Vertex position / uv / normal / tangent / binormal [(float) * 14]
-1.85877, -2.85282, 18.88602
0.53466, 0.02130, 
-0.99976, 0.00000, 0.02212
0.02212, 0.00526, 0.99974
-0.00012, 0.99999, -0.00526

  * 5 Vertex position / uv / normal / tangent / binormal [(float) * 14]
-1.85877, -0.49661, 18.88602
0.53617, 0.30826, 
-0.99976, 0.00000, 0.02212
0.02212, 0.00526, 0.99974
-0.00012, 0.99999, -0.00526

  * 6 Vertex position / uv / normal / tangent / binormal [(float) * 14]
-1.87524, -0.49661, 18.14166
0.44549, 0.30874, 
0.00000, 1.00000, 0.00000
0.02738, 0.00000, 0.99963
0.99963, 0.00000, -0.02738

  * 7 Vertex position / uv / normal / tangent / binormal [(float) * 14]
-1.85877, -0.49661, 18.88602
0.53617, 0.30826, 
0.00000, 1.00000, -0.00000
0.02738, 0.00000, 0.99963
0.99963, -0.00000, -0.02738

  * 8 Vertex position / uv / normal / tangent / binormal [(float) * 14]
-0.24705, -0.49661, 18.12037
0.44833, 0.50703, 
0.00000, 1.00000, -0.00000
0.02738, 0.00000, 0.99963
0.99963, -0.00000, -0.02738

  * 9 Vertex position / uv / normal / tangent / binormal [(float) * 14]
-0.24705, -0.49661, 18.12037
0.44833, 0.50703, 
0.00000, 1.00000, -0.00000
0.02738, 0.00000, 0.99963
0.99963, -0.00000, -0.02738

  * 10 Vertex position / uv / normal / tangent / binormal [(float) * 14]
-1.85877, -0.49661, 18.88602
0.53617, 0.30826, 
0.00000, 1.00000, -0.00000
0.02738, 0.00000, 0.99963
0.99963, -0.00000, -0.02738

  * 11 Vertex position / uv / normal / tangent / binormal [(float) * 14]
-0.23058, -0.49661, 18.86473
0.53901, 0.50655, 
0.00000, 1.00000, -0.00000
0.02738, 0.00000, 0.99963
0.99963, -0.00000, -0.02738

  * 12 Vertex position / uv / normal / tangent / binormal [(float) * 14]
-0.24705, -0.49661, 18.12037
0.44833, 0.50703, 
0.99976, 0.00000, -0.02212
0.02212, -0.00526, 0.99974
-0.00012, -0.99999, -0.00526

  * 13 Vertex position / uv / normal / tangent / binormal [(float) * 14]
-0.23058, -0.49661, 18.86473
0.53901, 0.50655, 
0.99976, 0.00000, -0.02212
0.02212, -0.00526, 0.99974
-0.00012, -0.99999, -0.00526

  * 14 Vertex position / uv / normal / tangent / binormal [(float) * 14]
-0.24705, -2.85282, 18.12037
0.44984, 0.79399, 
0.99976, 0.00000, -0.02212
0.02212, -0.00526, 0.99974
-0.00012, -0.99999, -0.00526

  * 15 Vertex position / uv / normal / tangent / binormal [(float) * 14]
-0.24705, -2.85282, 18.12037
0.44984, 0.79399, 
0.99976, 0.00000, -0.02212
0.02212, -0.00526, 0.99974
-0.00012, -0.99999, -0.00526

  * 16 Vertex position / uv / normal / tangent / binormal [(float) * 14]
-0.23058, -0.49661, 18.86473
0.53901, 0.50655, 
0.99976, 0.00000, -0.02212
0.02212, -0.00526, 0.99974
-0.00012, -0.99999, -0.00526

  * 17 Vertex position / uv / normal / tangent / binormal [(float) * 14]
-0.23058, -2.85282, 18.86473
0.54052, 0.79351, 
0.99976, 0.00000, -0.02212
0.02212, -0.00526, 0.99974
-0.00012, -0.99999, -0.00526

  * 18 Vertex position / uv / normal / tangent / binormal [(float) * 14]
-0.23058, -2.85282, 18.86473
0.54052, 0.79351, 
0.00000, -1.00000, 0.00000
0.01686, 0.00000, 0.99986
-0.99986, 0.00000, 0.01686

  * 19 Vertex position / uv / normal / tangent / binormal [(float) * 14]
-1.85877, -2.85282, 18.88602
0.53976, 0.99182, 
0.00000, -1.00000, 0.00000
0.01686, 0.00000, 0.99986
-0.99986, 0.00000, 0.01686

  * 20 Vertex position / uv / normal / tangent / binormal [(float) * 14]
-0.24705, -2.85282, 18.12037
0.44984, 0.79399, 
0.00000, -1.00000, 0.00000
0.01686, 0.00000, 0.99986
-0.99986, 0.00000, 0.01686

  * 21 Vertex position / uv / normal / tangent / binormal [(float) * 14]
-0.24705, -2.85282, 18.12037
0.44984, 0.79399, 
0.00000, -1.00000, 0.00000
0.01686, 0.00000, 0.99986
-0.99986, 0.00000, 0.01686

  * 22 Vertex position / uv / normal / tangent / binormal [(float) * 14]
-1.85877, -2.85282, 18.88602
0.53976, 0.99182, 
0.00000, -1.00000, 0.00000
0.01686, 0.00000, 0.99986
-0.99986, 0.00000, 0.01686

  * 23 Vertex position / uv / normal / tangent / binormal [(float) * 14]
-1.87524, -2.85282, 18.14166
0.44909, 0.99230, 
0.00000, -1.00000, 0.00000
0.01686, 0.00000, 0.99986
-0.99986, 0.00000, 0.01686

  * 24 Vertex position / uv / normal / tangent / binormal [(float) * 14]
-0.24705, -2.85282, 18.12037
0.24567, 0.02282, 
-0.01308, 0.00000, -0.99991
-0.99990, 0.00526, 0.01308
0.00526, 0.99999, -0.00007

  * 25 Vertex position / uv / normal / tangent / binormal [(float) * 14]
-1.87524, -2.85282, 18.14166
0.44398, 0.02178, 
-0.01308, 0.00000, -0.99991
-0.99990, 0.00526, 0.01308
0.00526, 0.99999, -0.00007

  * 26 Vertex position / uv / normal / tangent / binormal [(float) * 14]
-0.24705, -0.49661, 18.12037
0.24718, 0.30978, 
-0.01308, 0.00000, -0.99991
-0.99990, 0.00526, 0.01308
0.00526, 0.99999, -0.00007

  * 27 Vertex position / uv / normal / tangent / binormal [(float) * 14]
-0.24705, -0.49661, 18.12037
0.24718, 0.30978, 
-0.01308, 0.00000, -0.99991
-0.99990, 0.00526, 0.01308
0.00526, 0.99999, -0.00007

  * 28 Vertex position / uv / normal / tangent / binormal [(float) * 14]
-1.87524, -2.85282, 18.14166
0.44398, 0.02178, 
-0.01308, 0.00000, -0.99991
-0.99990, 0.00526, 0.01308
0.00526, 0.99999, -0.00007

  * 29 Vertex position / uv / normal / tangent / binormal [(float) * 14]
-1.87524, -0.49661, 18.14166
0.44549, 0.30874, 
-0.01308, 0.00000, -0.99991
-0.99990, 0.00526, 0.01308
0.00526, 0.99999, -0.00007


    //v Mesh 3 Header  --------------------

  # Mesh name [(char) * 256]: 
wallLeft
  # Material count [(int)]: 
1
  # Vertex count [(int)]: 
12
    //^ Mesh 3 Header  --------------------

  * 0 Vertex position / uv / normal / tangent / binormal [(float) * 14]
-17.35616, 15.10051, 18.36763
0.33879, 0.34342, 
0.00000, 0.00000, -1.00000
1.00000, 0.00151, 0.00000
0.00151, -1.00000, 0.00000

  * 1 Vertex position / uv / normal / tangent / binormal [(float) * 14]
12.51235, 15.10051, 18.36763
0.66961, 0.34391, 
0.00000, 0.00000, -1.00000
1.00000, 0.00151, 0.00000
0.00151, -1.00000, 0.00000

  * 2 Vertex position / uv / normal / tangent / binormal [(float) * 14]
-17.35616, -14.14893, 18.36763
0.33831, 0.66382, 
0.00000, 0.00000, -1.00000
1.00000, 0.00151, 0.00000
0.00151, -1.00000, 0.00000

  * 3 Vertex position / uv / normal / tangent / binormal [(float) * 14]
-17.35616, -14.14893, 18.36763
0.33831, 0.66382, 
0.00000, 0.00000, -1.00000
1.00000, 0.00151, 0.00000
0.00151, -1.00000, 0.00000

  * 4 Vertex position / uv / normal / tangent / binormal [(float) * 14]
12.51235, 15.10051, 18.36763
0.66961, 0.34391, 
0.00000, 0.00000, -1.00000
1.00000, 0.00151, 0.00000
0.00151, -1.00000, 0.00000

  * 5 Vertex position / uv / normal / tangent / binormal [(float) * 14]
12.51235, -14.14893, 18.36763
0.66914, 0.66431, 
0.00000, 0.00000, -1.00000
1.00000, 0.00151, 0.00000
0.00151, -1.00000, 0.00000

  * 6 Vertex position / uv / normal / tangent / binormal [(float) * 14]
12.51235, -14.14893, 18.36763
0.67011, 0.00973, 
1.00000, 0.00000, 0.00000
-0.00000, 1.00000, -0.00149
-0.00000, 0.00149, 1.00000

  * 7 Vertex position / uv / normal / tangent / binormal [(float) * 14]
12.51235, 15.10051, 18.36763
0.99051, 0.01021, 
1.00000, 0.00000, 0.00000
-0.00000, 1.00000, -0.00149
-0.00000, 0.00149, 1.00000

  * 8 Vertex position / uv / normal / tangent / binormal [(float) * 14]
12.51235, -14.14893, 18.99658
0.67010, 0.01662, 
1.00000, 0.00000, 0.00000
-0.00000, 1.00000, -0.00149
-0.00000, 0.00149, 1.00000

  * 9 Vertex position / uv / normal / tangent / binormal [(float) * 14]
12.51235, -14.14893, 18.99658
0.67010, 0.01662, 
1.00000, 0.00000, 0.00000
0.00000, 1.00000, -0.00149
-0.00000, 0.00149, 1.00000

  * 10 Vertex position / uv / normal / tangent / binormal [(float) * 14]
12.51235, 15.10051, 18.36763
0.99051, 0.01021, 
1.00000, 0.00000, 0.00000
0.00000, 1.00000, -0.00149
-0.00000, 0.00149, 1.00000

  * 11 Vertex position / uv / normal / tangent / binormal [(float) * 14]
12.51235, 15.10051, 18.99658
0.99050, 0.01710, 
1.00000, 0.00000, 0.00000
0.00000, 1.00000, -0.00149
-0.00000, 0.00149, 1.00000


    //v Mesh 4 Header  --------------------

  # Mesh name [(char) * 256]: 
enterDoor
  # Material count [(int)]: 
1
  # Vertex count [(int)]: 
36
    //^ Mesh 4 Header  --------------------

  * 0 Vertex position / uv / normal / tangent / binormal [(float) * 14]
11.48052, -2.98187, 4.16714
0.92539, 0.79034, 
0.00000, 0.00000, 1.00000
1.00000, 0.00182, 0.00000
-0.00182, 1.00000, 0.00000

  * 1 Vertex position / uv / normal / tangent / binormal [(float) * 14]
11.86847, -2.98187, 4.16714
0.93550, 0.79032, 
0.00000, 0.00000, 1.00000
1.00000, 0.00182, 0.00000
-0.00182, 1.00000, 0.00000

  * 2 Vertex position / uv / normal / tangent / binormal [(float) * 14]
11.48052, -0.82699, 4.16714
0.92549, 0.84648, 
0.00000, 0.00000, 1.00000
1.00000, 0.00182, 0.00000
-0.00182, 1.00000, 0.00000

  * 3 Vertex position / uv / normal / tangent / binormal [(float) * 14]
11.48052, -0.82699, 4.16714
0.92549, 0.84648, 
0.00000, 0.00000, 1.00000
1.00000, 0.00182, -0.00000
-0.00182, 1.00000, 0.00000

  * 4 Vertex position / uv / normal / tangent / binormal [(float) * 14]
11.86847, -2.98187, 4.16714
0.93550, 0.79032, 
0.00000, 0.00000, 1.00000
1.00000, 0.00182, -0.00000
-0.00182, 1.00000, 0.00000

  * 5 Vertex position / uv / normal / tangent / binormal [(float) * 14]
11.86847, -0.82699, 4.16714
0.93560, 0.84646, 
0.00000, 0.00000, 1.00000
1.00000, 0.00182, -0.00000
-0.00182, 1.00000, 0.00000

  * 6 Vertex position / uv / normal / tangent / binormal [(float) * 14]
11.48052, -0.82699, 4.16714
0.92549, 0.84648, 
0.00000, 1.00000, 0.00000
1.00000, 0.00000, -0.00182
-0.00182, 0.00000, -1.00000

  * 7 Vertex position / uv / normal / tangent / binormal [(float) * 14]
11.86847, -0.82699, 4.16714
0.93560, 0.84646, 
0.00000, 1.00000, 0.00000
1.00000, 0.00000, -0.00182
-0.00182, 0.00000, -1.00000

  * 8 Vertex position / uv / normal / tangent / binormal [(float) * 14]
11.48052, -0.82699, 2.73870
0.92556, 0.88369, 
0.00000, 1.00000, 0.00000
1.00000, 0.00000, -0.00182
-0.00182, 0.00000, -1.00000

  * 9 Vertex position / uv / normal / tangent / binormal [(float) * 14]
11.48052, -0.82699, 2.73870
0.92556, 0.88369, 
0.00000, 1.00000, 0.00000
1.00000, -0.00000, -0.00181
-0.00181, 0.00000, -1.00000

  * 10 Vertex position / uv / normal / tangent / binormal [(float) * 14]
11.86847, -0.82699, 4.16714
0.93560, 0.84646, 
0.00000, 1.00000, 0.00000
1.00000, -0.00000, -0.00181
-0.00181, 0.00000, -1.00000

  * 11 Vertex position / uv / normal / tangent / binormal [(float) * 14]
11.86847, -0.82699, 2.73870
0.93567, 0.88367, 
0.00000, 1.00000, 0.00000
1.00000, -0.00000, -0.00181
-0.00181, 0.00000, -1.00000

  * 12 Vertex position / uv / normal / tangent / binormal [(float) * 14]
11.48052, -0.82699, 2.73870
0.92556, 0.88369, 
0.00000, 0.00000, -1.00000
1.00000, -0.00181, 0.00000
-0.00181, -1.00000, -0.00000

  * 13 Vertex position / uv / normal / tangent / binormal [(float) * 14]
11.86847, -0.82699, 2.73870
0.93567, 0.88367, 
0.00000, 0.00000, -1.00000
1.00000, -0.00181, 0.00000
-0.00181, -1.00000, -0.00000

  * 14 Vertex position / uv / normal / tangent / binormal [(float) * 14]
11.48052, -2.98187, 2.73870
0.92566, 0.93982, 
0.00000, 0.00000, -1.00000
1.00000, -0.00181, 0.00000
-0.00181, -1.00000, -0.00000

  * 15 Vertex position / uv / normal / tangent / binormal [(float) * 14]
11.48052, -2.98187, 2.73870
0.92566, 0.93982, 
0.00000, 0.00000, -1.00000
1.00000, -0.00181, 0.00000
-0.00181, -1.00000, -0.00000

  * 16 Vertex position / uv / normal / tangent / binormal [(float) * 14]
11.86847, -0.82699, 2.73870
0.93567, 0.88367, 
0.00000, 0.00000, -1.00000
1.00000, -0.00181, 0.00000
-0.00181, -1.00000, -0.00000

  * 17 Vertex position / uv / normal / tangent / binormal [(float) * 14]
11.86847, -2.98187, 2.73870
0.93577, 0.93981, 
0.00000, 0.00000, -1.00000
1.00000, -0.00181, 0.00000
-0.00181, -1.00000, -0.00000

  * 18 Vertex position / uv / normal / tangent / binormal [(float) * 14]
11.48052, -2.98187, 2.73870
0.92566, 0.93982, 
0.00000, -1.00000, 0.00000
1.00000, 0.00000, 0.00181
-0.00181, 0.00000, 1.00000

  * 19 Vertex position / uv / normal / tangent / binormal [(float) * 14]
11.86847, -2.98187, 2.73870
0.93577, 0.93981, 
0.00000, -1.00000, 0.00000
1.00000, 0.00000, 0.00181
-0.00181, 0.00000, 1.00000

  * 20 Vertex position / uv / normal / tangent / binormal [(float) * 14]
11.48052, -2.98187, 4.16714
0.92573, 0.97704, 
0.00000, -1.00000, 0.00000
1.00000, 0.00000, 0.00181
-0.00181, 0.00000, 1.00000

  * 21 Vertex position / uv / normal / tangent / binormal [(float) * 14]
11.48052, -2.98187, 4.16714
0.92573, 0.97704, 
0.00000, -1.00000, 0.00000
1.00000, 0.00000, 0.00181
-0.00181, 0.00000, 1.00000

  * 22 Vertex position / uv / normal / tangent / binormal [(float) * 14]
11.86847, -2.98187, 2.73870
0.93577, 0.93981, 
0.00000, -1.00000, 0.00000
1.00000, 0.00000, 0.00181
-0.00181, 0.00000, 1.00000

  * 23 Vertex position / uv / normal / tangent / binormal [(float) * 14]
11.86847, -2.98187, 4.16714
0.93584, 0.97702, 
0.00000, -1.00000, 0.00000
1.00000, 0.00000, 0.00181
-0.00181, 0.00000, 1.00000

  * 24 Vertex position / uv / normal / tangent / binormal [(float) * 14]
11.86847, -2.98187, 4.16714
0.93550, 0.79032, 
1.00000, 0.00000, 0.00000
0.00000, 0.00181, -1.00000
-0.00000, 1.00000, 0.00181

  * 25 Vertex position / uv / normal / tangent / binormal [(float) * 14]
11.86847, -2.98187, 2.73870
0.97271, 0.79026, 
1.00000, 0.00000, 0.00000
0.00000, 0.00181, -1.00000
-0.00000, 1.00000, 0.00181

  * 26 Vertex position / uv / normal / tangent / binormal [(float) * 14]
11.86847, -0.82699, 4.16714
0.93560, 0.84646, 
1.00000, 0.00000, 0.00000
0.00000, 0.00181, -1.00000
-0.00000, 1.00000, 0.00181

  * 27 Vertex position / uv / normal / tangent / binormal [(float) * 14]
11.86847, -0.82699, 4.16714
0.93560, 0.84646, 
1.00000, 0.00000, 0.00000
-0.00000, 0.00181, -1.00000
-0.00000, 1.00000, 0.00181

  * 28 Vertex position / uv / normal / tangent / binormal [(float) * 14]
11.86847, -2.98187, 2.73870
0.97271, 0.79026, 
1.00000, 0.00000, 0.00000
-0.00000, 0.00181, -1.00000
-0.00000, 1.00000, 0.00181

  * 29 Vertex position / uv / normal / tangent / binormal [(float) * 14]
11.86847, -0.82699, 2.73870
0.97281, 0.84639, 
1.00000, 0.00000, 0.00000
-0.00000, 0.00181, -1.00000
-0.00000, 1.00000, 0.00181

  * 30 Vertex position / uv / normal / tangent / binormal [(float) * 14]
11.48052, -2.98187, 2.73870
0.88818, 0.79041, 
-1.00000, 0.00000, 0.00000
0.00000, 0.00181, 1.00000
0.00000, 1.00000, -0.00181

  * 31 Vertex position / uv / normal / tangent / binormal [(float) * 14]
11.48052, -2.98187, 4.16714
0.92539, 0.79034, 
-1.00000, 0.00000, 0.00000
0.00000, 0.00181, 1.00000
0.00000, 1.00000, -0.00181

  * 32 Vertex position / uv / normal / tangent / binormal [(float) * 14]
11.48052, -0.82699, 2.73870
0.88828, 0.84654, 
-1.00000, 0.00000, 0.00000
0.00000, 0.00181, 1.00000
0.00000, 1.00000, -0.00181

  * 33 Vertex position / uv / normal / tangent / binormal [(float) * 14]
11.48052, -0.82699, 2.73870
0.88828, 0.84654, 
-1.00000, 0.00000, 0.00000
0.00000, 0.00181, 1.00000
0.00000, 1.00000, -0.00181

  * 34 Vertex position / uv / normal / tangent / binormal [(float) * 14]
11.48052, -2.98187, 4.16714
0.92539, 0.79034, 
-1.00000, 0.00000, 0.00000
0.00000, 0.00181, 1.00000
0.00000, 1.00000, -0.00181

  * 35 Vertex position / uv / normal / tangent / binormal [(float) * 14]
11.48052, -0.82699, 4.16714
0.92549, 0.84648, 
-1.00000, 0.00000, 0.00000
0.00000, 0.00181, 1.00000
0.00000, 1.00000, -0.00181


    //v Mesh 5 Header  --------------------

  # Mesh name [(char) * 256]: 
goalDoorLeft
  # Material count [(int)]: 
1
  # Vertex count [(int)]: 
36
    //^ Mesh 5 Header  --------------------

  * 0 Vertex position / uv / normal / tangent / binormal [(float) * 14]
-1.89284, -2.85282, 17.91435
0.47862, 0.09561, 
-0.99947, 0.00000, 0.03269
0.03269, 0.00223, 0.99946
-0.00007, 1.00000, -0.00223

  * 1 Vertex position / uv / normal / tangent / binormal [(float) * 14]
-1.88571, -2.85282, 18.13250
0.50518, 0.09555, 
-0.99947, 0.00000, 0.03269
0.03269, 0.00223, 0.99946
-0.00007, 1.00000, -0.00223

  * 2 Vertex position / uv / normal / tangent / binormal [(float) * 14]
-1.89284, -0.49661, 17.91435
0.47926, 0.38231, 
-0.99947, 0.00000, 0.03270
0.03270, 0.00223, 0.99946
-0.00007, 1.00000, -0.00223

  * 3 Vertex position / uv / normal / tangent / binormal [(float) * 14]
-1.89284, -0.49661, 17.91435
0.47926, 0.38231, 
-0.99947, 0.00000, 0.03270
0.03270, 0.00223, 0.99946
-0.00007, 1.00000, -0.00223

  * 4 Vertex position / uv / normal / tangent / binormal [(float) * 14]
-1.88571, -2.85282, 18.13250
0.50518, 0.09555, 
-0.99947, 0.00000, 0.03269
0.03269, 0.00223, 0.99946
-0.00007, 1.00000, -0.00223

  * 5 Vertex position / uv / normal / tangent / binormal [(float) * 14]
-1.88571, -0.49661, 18.13250
0.50582, 0.38225, 
-0.99947, 0.00000, 0.03270
0.03270, 0.00223, 0.99946
-0.00007, 1.00000, -0.00223

  * 6 Vertex position / uv / normal / tangent / binormal [(float) * 14]
-1.89284, -0.49661, 17.91435
0.47926, 0.38231, 
-0.00000, 1.00000, -0.00000
0.03463, 0.00000, 0.99940
0.99940, 0.00000, -0.03463

  * 7 Vertex position / uv / normal / tangent / binormal [(float) * 14]
-1.88571, -0.49661, 18.13250
0.50582, 0.38225, 
-0.00000, 1.00000, -0.00000
0.03463, 0.00000, 0.99940
0.99940, 0.00000, -0.03463

  * 8 Vertex position / uv / normal / tangent / binormal [(float) * 14]
-1.06280, -0.49661, 17.89316
0.48074, 0.49834, 
0.00000, 1.00000, 0.00000
0.03463, -0.00000, 0.99940
0.99940, -0.00000, -0.03463

  * 9 Vertex position / uv / normal / tangent / binormal [(float) * 14]
-1.06280, -0.49661, 17.89316
0.48074, 0.49834, 
0.00000, 1.00000, 0.00000
0.03463, -0.00000, 0.99940
0.99940, -0.00000, -0.03463

  * 10 Vertex position / uv / normal / tangent / binormal [(float) * 14]
-1.88571, -0.49661, 18.13250
0.50582, 0.38225, 
-0.00000, 1.00000, -0.00000
0.03463, 0.00000, 0.99940
0.99940, 0.00000, -0.03463

  * 11 Vertex position / uv / normal / tangent / binormal [(float) * 14]
-1.05567, -0.49661, 18.11130
0.50729, 0.49829, 
0.00000, 1.00000, 0.00000
0.03463, -0.00000, 0.99940
0.99940, -0.00000, -0.03463

  * 12 Vertex position / uv / normal / tangent / binormal [(float) * 14]
-1.06280, -0.49661, 17.89316
0.48074, 0.49834, 
0.99947, 0.00000, -0.03269
0.03269, -0.00223, 0.99946
-0.00007, -1.00000, -0.00223

  * 13 Vertex position / uv / normal / tangent / binormal [(float) * 14]
-1.05567, -0.49661, 18.11130
0.50729, 0.49829, 
0.99947, 0.00000, -0.03269
0.03269, -0.00223, 0.99946
-0.00007, -1.00000, -0.00223

  * 14 Vertex position / uv / normal / tangent / binormal [(float) * 14]
-1.06280, -2.85282, 17.89316
0.48138, 0.78505, 
0.99947, 0.00000, -0.03269
0.03269, -0.00223, 0.99946
-0.00007, -1.00000, -0.00223

  * 15 Vertex position / uv / normal / tangent / binormal [(float) * 14]
-1.06280, -2.85282, 17.89316
0.48138, 0.78505, 
0.99947, 0.00000, -0.03269
0.03269, -0.00224, 0.99946
-0.00007, -1.00000, -0.00224

  * 16 Vertex position / uv / normal / tangent / binormal [(float) * 14]
-1.05567, -0.49661, 18.11130
0.50729, 0.49829, 
0.99947, 0.00000, -0.03269
0.03269, -0.00224, 0.99946
-0.00007, -1.00000, -0.00224

  * 17 Vertex position / uv / normal / tangent / binormal [(float) * 14]
-1.05567, -2.85282, 18.11130
0.50793, 0.78499, 
0.99947, 0.00000, -0.03269
0.03269, -0.00224, 0.99946
-0.00007, -1.00000, -0.00224

  * 18 Vertex position / uv / normal / tangent / binormal [(float) * 14]
-1.05567, -2.85282, 18.11130
0.50793, 0.78499, 
0.00000, -1.00000, 0.00000
0.03074, 0.00000, 0.99953
-0.99953, 0.00000, 0.03074

  * 19 Vertex position / uv / normal / tangent / binormal [(float) * 14]
-1.88571, -2.85282, 18.13250
0.50698, 0.90103, 
0.00000, -1.00000, 0.00000
0.03074, 0.00000, 0.99953
-0.99953, 0.00000, 0.03074

  * 20 Vertex position / uv / normal / tangent / binormal [(float) * 14]
-1.06280, -2.85282, 17.89316
0.48138, 0.78505, 
0.00000, -1.00000, 0.00000
0.03074, 0.00000, 0.99953
-0.99953, 0.00000, 0.03074

  * 21 Vertex position / uv / normal / tangent / binormal [(float) * 14]
-1.06280, -2.85282, 17.89316
0.48138, 0.78505, 
0.00000, -1.00000, 0.00000
0.03074, 0.00000, 0.99953
-0.99953, 0.00000, 0.03074

  * 22 Vertex position / uv / normal / tangent / binormal [(float) * 14]
-1.88571, -2.85282, 18.13250
0.50698, 0.90103, 
0.00000, -1.00000, 0.00000
0.03074, 0.00000, 0.99953
-0.99953, 0.00000, 0.03074

  * 23 Vertex position / uv / normal / tangent / binormal [(float) * 14]
-1.89284, -2.85282, 17.91435
0.48042, 0.90109, 
0.00000, -1.00000, 0.00000
0.03074, 0.00000, 0.99953
-0.99953, 0.00000, 0.03074

  * 24 Vertex position / uv / normal / tangent / binormal [(float) * 14]
-1.88571, -2.85282, 18.13250
0.50518, 0.09555, 
0.02223, 0.00000, 0.99975
0.99975, 0.00256, -0.02223
-0.00256, 1.00000, 0.00006

  * 25 Vertex position / uv / normal / tangent / binormal [(float) * 14]
-1.05567, -2.85282, 18.11130
0.62122, 0.09529, 
0.02223, 0.00000, 0.99975
0.99975, 0.00256, -0.02223
-0.00256, 1.00000, 0.00006

  * 26 Vertex position / uv / normal / tangent / binormal [(float) * 14]
-1.88571, -0.49661, 18.13250
0.50582, 0.38225, 
0.02223, 0.00000, 0.99975
0.99975, 0.00256, -0.02223
-0.00256, 1.00000, 0.00006

  * 27 Vertex position / uv / normal / tangent / binormal [(float) * 14]
-1.88571, -0.49661, 18.13250
0.50582, 0.38225, 
0.02223, 0.00000, 0.99975
0.99975, 0.00256, -0.02223
-0.00256, 1.00000, 0.00006

  * 28 Vertex position / uv / normal / tangent / binormal [(float) * 14]
-1.05567, -2.85282, 18.11130
0.62122, 0.09529, 
0.02223, 0.00000, 0.99975
0.99975, 0.00256, -0.02223
-0.00256, 1.00000, 0.00006

  * 29 Vertex position / uv / normal / tangent / binormal [(float) * 14]
-1.05567, -0.49661, 18.11130
0.62186, 0.38199, 
0.02223, 0.00000, 0.99975
0.99975, 0.00256, -0.02223
-0.00256, 1.00000, 0.00006

  * 30 Vertex position / uv / normal / tangent / binormal [(float) * 14]
-1.06280, -2.85282, 17.89316
0.36258, 0.09587, 
-0.02223, 0.00000, -0.99975
-0.99975, 0.00256, 0.02223
0.00256, 1.00000, -0.00006

  * 31 Vertex position / uv / normal / tangent / binormal [(float) * 14]
-1.89284, -2.85282, 17.91435
0.47862, 0.09561, 
-0.02223, 0.00000, -0.99975
-0.99975, 0.00256, 0.02223
0.00256, 1.00000, -0.00006

  * 32 Vertex position / uv / normal / tangent / binormal [(float) * 14]
-1.06280, -0.49661, 17.89316
0.36322, 0.38257, 
-0.02223, 0.00000, -0.99975
-0.99975, 0.00256, 0.02223
0.00256, 1.00000, -0.00006

  * 33 Vertex position / uv / normal / tangent / binormal [(float) * 14]
-1.06280, -0.49661, 17.89316
0.36322, 0.38257, 
-0.02223, 0.00000, -0.99975
-0.99975, 0.00256, 0.02223
0.00256, 1.00000, -0.00006

  * 34 Vertex position / uv / normal / tangent / binormal [(float) * 14]
-1.89284, -2.85282, 17.91435
0.47862, 0.09561, 
-0.02223, 0.00000, -0.99975
-0.99975, 0.00256, 0.02223
0.00256, 1.00000, -0.00006

  * 35 Vertex position / uv / normal / tangent / binormal [(float) * 14]
-1.89284, -0.49661, 17.91435
0.47926, 0.38231, 
-0.02223, 0.00000, -0.99975
-0.99975, 0.00256, 0.02223
0.00256, 1.00000, -0.00006


    //v Mesh 6 Header  --------------------

  # Mesh name [(char) * 256]: 
mainPlatform
  # Material count [(int)]: 
1
  # Vertex count [(int)]: 
78
    //^ Mesh 6 Header  --------------------

  * 0 Vertex position / uv / normal / tangent / binormal [(float) * 14]
-8.57660, -2.72134, 10.70063
0.35944, 0.24108, 
0.00000, 0.00000, 1.00000
1.00000, -0.00187, 0.00000
0.00187, 1.00000, -0.00000

  * 1 Vertex position / uv / normal / tangent / binormal [(float) * 14]
-8.57660, -3.82130, 10.70063
0.35948, 0.22104, 
0.00000, 0.00000, 1.00000
1.00000, -0.00187, 0.00000
0.00187, 1.00000, -0.00000

  * 2 Vertex position / uv / normal / tangent / binormal [(float) * 14]
7.24873, -2.72134, 10.70063
0.64788, 0.24162, 
0.00000, 0.00000, 1.00000
1.00000, -0.00187, 0.00000
0.00187, 1.00000, -0.00000

  * 3 Vertex position / uv / normal / tangent / binormal [(float) * 14]
7.24873, -2.72134, 10.70063
0.64788, 0.24162, 
0.00000, 0.00000, 1.00000
1.00000, -0.00187, -0.00000
0.00187, 1.00000, -0.00000

  * 4 Vertex position / uv / normal / tangent / binormal [(float) * 14]
-8.57660, -3.82130, 10.70063
0.35948, 0.22104, 
0.00000, 0.00000, 1.00000
1.00000, -0.00187, -0.00000
0.00187, 1.00000, -0.00000

  * 5 Vertex position / uv / normal / tangent / binormal [(float) * 14]
7.24873, -3.82130, 10.70063
0.64792, 0.22158, 
0.00000, 0.00000, 1.00000
1.00000, -0.00187, -0.00000
0.00187, 1.00000, -0.00000

  * 6 Vertex position / uv / normal / tangent / binormal [(float) * 14]
-8.57660, -2.72134, -3.85114
0.35895, 0.50631, 
0.00000, 1.00000, 0.00000
1.00000, 0.00000, 0.00187
0.00187, 0.00000, -1.00000

  * 7 Vertex position / uv / normal / tangent / binormal [(float) * 14]
-8.57660, -2.72134, 10.70063
0.35944, 0.24108, 
0.00000, 1.00000, 0.00000
1.00000, 0.00000, 0.00187
0.00187, 0.00000, -1.00000

  * 8 Vertex position / uv / normal / tangent / binormal [(float) * 14]
7.24873, -2.72134, -3.85114
0.64738, 0.50685, 
0.00000, 1.00000, 0.00000
1.00000, 0.00000, 0.00187
0.00187, 0.00000, -1.00000

  * 9 Vertex position / uv / normal / tangent / binormal [(float) * 14]
7.24873, -2.72134, -3.85114
0.64738, 0.50685, 
0.00000, 1.00000, 0.00000
1.00000, -0.00000, 0.00187
0.00187, 0.00000, -1.00000

  * 10 Vertex position / uv / normal / tangent / binormal [(float) * 14]
-8.57660, -2.72134, 10.70063
0.35944, 0.24108, 
0.00000, 1.00000, 0.00000
1.00000, -0.00000, 0.00187
0.00187, 0.00000, -1.00000

  * 11 Vertex position / uv / normal / tangent / binormal [(float) * 14]
7.24873, -2.72134, 10.70063
0.64788, 0.24162, 
0.00000, 1.00000, 0.00000
1.00000, -0.00000, 0.00187
0.00187, 0.00000, -1.00000

  * 12 Vertex position / uv / normal / tangent / binormal [(float) * 14]
7.24873, -3.82130, -3.85114
0.64735, 0.52690, 
0.00000, 0.00000, -1.00000
1.00000, 0.00187, 0.00000
0.00187, -1.00000, 0.00000

  * 13 Vertex position / uv / normal / tangent / binormal [(float) * 14]
-8.57660, -3.82130, -3.85114
0.35891, 0.52636, 
0.00000, 0.00000, -1.00000
1.00000, 0.00187, 0.00000
0.00187, -1.00000, 0.00000

  * 14 Vertex position / uv / normal / tangent / binormal [(float) * 14]
7.24873, -2.72134, -3.85114
0.64738, 0.50685, 
0.00000, 0.00000, -1.00000
1.00000, 0.00187, 0.00000
0.00187, -1.00000, 0.00000

  * 15 Vertex position / uv / normal / tangent / binormal [(float) * 14]
7.24873, -2.72134, -3.85114
0.64738, 0.50685, 
0.00000, 0.00000, -1.00000
1.00000, 0.00187, 0.00000
0.00187, -1.00000, 0.00000

  * 16 Vertex position / uv / normal / tangent / binormal [(float) * 14]
-8.57660, -3.82130, -3.85114
0.35891, 0.52636, 
0.00000, 0.00000, -1.00000
1.00000, 0.00187, 0.00000
0.00187, -1.00000, 0.00000

  * 17 Vertex position / uv / normal / tangent / binormal [(float) * 14]
-8.57660, -2.72134, -3.85114
0.35895, 0.50631, 
0.00000, 0.00000, -1.00000
1.00000, 0.00187, 0.00000
0.00187, -1.00000, 0.00000

  * 18 Vertex position / uv / normal / tangent / binormal [(float) * 14]
7.24873, -2.72134, 10.70063
0.64788, 0.24162, 
1.00000, 0.00000, 0.00000
0.00000, -0.00187, -1.00000
0.00000, 1.00000, -0.00187

  * 19 Vertex position / uv / normal / tangent / binormal [(float) * 14]
7.24873, -3.82130, 10.70063
0.64792, 0.22158, 
1.00000, 0.00000, 0.00000
0.00000, -0.00187, -1.00000
0.00000, 1.00000, -0.00187

  * 20 Vertex position / uv / normal / tangent / binormal [(float) * 14]
7.24873, -2.72134, -3.85114
0.91311, 0.24212, 
1.00000, 0.00000, 0.00000
0.00000, -0.00187, -1.00000
0.00000, 1.00000, -0.00187

  * 21 Vertex position / uv / normal / tangent / binormal [(float) * 14]
