  //v File Header --------------------
  # Mesh count
37
  # Mesh Group count
0
  # Material count
10
  # Point Light count
4
  # Directional count
1
  //^ File Header --------------------

    //v Mesh 0 Header  --------------------

  # Mesh name: 
door
  # Material ID : 
0
  * Translation vector: 
0.0000000000, 0.0000000000, 0.0000000000
  * Rotation vector: 
0.0000000000, 0.0000000000, 0.0000000000
  * Scale vector: 
1.0000000000, 1.0000000000, 1.0000000000
  # Is child: 
0
  # Parent Name: 
RootNode
  # Parent type: 
-1
  # Attribute type: 
9
  # Attribute link: 
0
  # Vertex count: 
4788
    //^ Mesh 0 Header  --------------------

  * 0 Vertex position / uv / normal / tangent / binormal 
15.0644636154, 1.7344889641, -0.1637945175
0.0000000000, 0.1000000015, 
0.9987969995, 0.0396710299, 0.0288235284
-0.0000003849, 0.5878028274, -0.8090043664
-0.0490365773, 0.8080310225, 0.5870956182

  * 1 Vertex position / uv / normal / tangent / binormal 
15.0644645691, 1.7434279919, -0.1760973930
0.1000000015, 0.1000000015, 
0.9987969995, 0.0396710336, 0.0288235284
-0.0000003871, 0.5878028274, -0.8090043664
-0.0490365848, 0.8080310225, 0.5870956182

  * 2 Vertex position / uv / normal / tangent / binormal 
15.0606775284, 1.7821581364, -0.0981836319
0.0000000000, 0.2000000030, 
0.9987969995, 0.0396710336, 0.0288235284
-0.0000003871, 0.5878028274, -0.8090043664
-0.0490365848, 0.8080310225, 0.5870956182

  * 3 Vertex position / uv / normal / tangent / binormal 
15.0606775284, 1.7821581364, -0.0981836319
0.0000000000, 0.2000000030, 
0.9987969995, 0.0396710336, 0.0288235284
0.0000008425, 0.5877825022, -0.8090189695
-0.0490365848, 0.8080457449, 0.5870753527

  * 4 Vertex position / uv / normal / tangent / binormal 
15.0644645691, 1.7434279919, -0.1760973930
0.1000000015, 0.1000000015, 
0.9987969995, 0.0396710336, 0.0288235284
0.0000008425, 0.5877825022, -0.8090189695
-0.0490365848, 0.8080457449, 0.5870753527

  * 5 Vertex position / uv / normal / tangent / binormal 
15.0606765747, 1.8205578327, -0.1510367393
0.1000000015, 0.2000000030, 
0.9987970591, 0.0396710373, 0.0288235322
0.0000008433, 0.5877825022, -0.8090189695
-0.0490365885, 0.8080457449, 0.5870753527

  * 6 Vertex position / uv / normal / tangent / binormal 
15.0644645691, 1.7434279919, -0.1760973930
0.1000000015, 0.1000000015, 
0.9987971783, 0.0490340255, 0.0000000000
-0.0000001508, 0.0000030712, -1.0000000000
-0.0490340255, 0.9987971783, 0.0000030749

  * 7 Vertex position / uv / normal / tangent / binormal 
15.0644636154, 1.7434279919, -0.1913051605
0.2000000030, 0.1000000015, 
0.9987971783, 0.0490340292, 0.0000000000
-0.0000001508, 0.0000030712, -1.0000000000
-0.0490340292, 0.9987971783, 0.0000030749

  * 8 Vertex position / uv / normal / tangent / binormal 
15.0606765747, 1.8205578327, -0.1510367393
0.1000000015, 0.2000000030, 
0.9987971783, 0.0490340292, 0.0000000000
-0.0000001508, 0.0000030712, -1.0000000000
-0.0490340292, 0.9987971783, 0.0000030749

  * 9 Vertex position / uv / normal / tangent / binormal 
15.0606765747, 1.8205578327, -0.1510367393
0.1000000015, 0.2000000030, 
0.9987971783, 0.0490340292, 0.0000000000
0.0000000351, -0.0000007149, -1.0000000000
-0.0490340292, 0.9987971783, -0.0000007158

  * 10 Vertex position / uv / normal / tangent / binormal 
15.0644636154, 1.7434279919, -0.1913051605
0.2000000030, 0.1000000015, 
0.9987971783, 0.0490340292, 0.0000000000
0.0000000351, -0.0000007149, -1.0000000000
-0.0490340292, 0.9987971783, -0.0000007158

  * 11 Vertex position / uv / normal / tangent / binormal 
15.0606775284, 1.8205578327, -0.2163658142
0.2000000030, 0.2000000030, 
0.9987971783, 0.0490340255, 0.0000000000
0.0000000351, -0.0000007149, -1.0000000000
-0.0490340255, 0.9987971783, -0.0000007158

  * 12 Vertex position / uv / normal / tangent / binormal 
15.0644636154, 1.7434279919, -0.1913051605
0.2000000030, 0.1000000015, 
0.9987969995, 0.0396709703, -0.0288236644
-0.0000000796, -0.5877975225, -0.8090080619
-0.0490366146, 0.8080348372, -0.5870903730

  * 13 Vertex position / uv / normal / tangent / binormal 
15.0644645691, 1.7344892025, -0.2036080360
0.3000000119, 0.1000000015, 
0.9987969995, 0.0396709628, -0.0288236625
-0.0000000825, -0.5877975225, -0.8090080619
-0.0490366071, 0.8080348372, -0.5870903730

  * 14 Vertex position / uv / normal / tangent / binormal 
15.0606775284, 1.8205578327, -0.2163658142
0.2000000030, 0.2000000030, 
0.9987969995, 0.0396709703, -0.0288236663
-0.0000000811, -0.5877975225, -0.8090080619
-0.0490366146, 0.8080348372, -0.5870903730

  * 15 Vertex position / uv / normal / tangent / binormal 
15.0606775284, 1.8205578327, -0.2163658142
0.2000000030, 0.2000000030, 
0.9987969995, 0.0396709703, -0.0288236663
-0.0000010612, -0.5877813697, -0.8090198040
-0.0490366146, 0.8080466390, -0.5870742202

  * 16 Vertex position / uv / normal / tangent / binormal 
15.0644645691, 1.7344892025, -0.2036080360
0.3000000119, 0.1000000015, 
0.9987969995, 0.0396709628, -0.0288236625
-0.0000010626, -0.5877813697, -0.8090198040
-0.0490366071, 0.8080466390, -0.5870742202

  * 17 Vertex position / uv / normal / tangent / binormal 
15.0606765747, 1.7821581364, -0.2692189217
0.3000000119, 0.2000000030, 
0.9987969995, 0.0396709703, -0.0288236663
-0.0000010612, -0.5877813697, -0.8090198040
-0.0490366146, 0.8080466390, -0.5870742202

  * 18 Vertex position / uv / normal / tangent / binormal 
15.0644645691, 1.7344892025, -0.2036080360
0.3000000119, 0.1000000015, 
0.9987971783, 0.0151439933, -0.0466374680
-0.0000086759, -0.9510585070, -0.3090109527
-0.0490346141, 0.3086396456, -0.9499143362

  * 19 Vertex position / uv / normal / tangent / binormal 
15.0644636154, 1.7200260162, -0.2083072662
0.4000000060, 0.1000000015, 
0.9987971187, 0.0151439942, -0.0466374755
-0.0000086773, -0.9510585070, -0.3090109527
-0.0490346216, 0.3086396456, -0.9499142766

  * 20 Vertex position / uv / normal / tangent / binormal 
15.0606765747, 1.7821581364, -0.2692189217
0.3000000119, 0.2000000030, 
0.9987971187, 0.0151439942, -0.0466374755
-0.0000086773, -0.9510585070, -0.3090109527
-0.0490346216, 0.3086396456, -0.9499142766

  * 21 Vertex position / uv / normal / tangent / binormal 
15.0606765747, 1.7821581364, -0.2692189217
0.3000000119, 0.2000000030, 
0.9987971187, 0.0151439942, -0.0466374755
-0.0000088646, -0.9510573149, -0.3090145886
-0.0490346178, 0.3086432815, -0.9499130845

  * 22 Vertex position / uv / normal / tangent / binormal 
15.0644636154, 1.7200260162, -0.2083072662
0.4000000060, 0.1000000015, 
0.9987971187, 0.0151439942, -0.0466374755
-0.0000088646, -0.9510573149, -0.3090145886
-0.0490346178, 0.3086432815, -0.9499130845

  * 23 Vertex position / uv / normal / tangent / binormal 
15.0606775284, 1.7200260162, -0.2894067764
0.4000000060, 0.2000000030, 
0.9987971783, 0.0151439942, -0.0466374718
-0.0000088634, -0.9510573149, -0.3090145886
-0.0490346178, 0.3086432815, -0.9499131441

  * 24 Vertex position / uv / normal / tangent / binormal 
15.0644636154, 1.7200260162, -0.2083072662
0.4000000060, 0.1000000015, 
0.9987969995, -0.0151496967, -0.0466374718
0.0000032593, -0.9510583878, 0.3090112209
-0.0490363874, -0.3086396158, -0.9499142170

  * 25 Vertex position / uv / normal / tangent / binormal 
15.0644645691, 1.7055628300, -0.2036080360
0.5000000000, 0.1000000015, 
0.9987969995, -0.0151496949, -0.0466374718
0.0000032611, -0.9510583878, 0.3090112209
-0.0490363874, -0.3086396158, -0.9499142170

  * 26 Vertex position / uv / normal / tangent / binormal 
15.0606775284, 1.7200260162, -0.2894067764
0.4000000060, 0.2000000030, 
0.9987970591, -0.0151496995, -0.0466374755
0.0000032578, -0.9510583878, 0.3090112209
-0.0490363911, -0.3086396456, -0.9499142766

  * 27 Vertex position / uv / normal / tangent / binormal 
15.0606775284, 1.7200260162, -0.2894067764
0.4000000060, 0.2000000030, 
0.9987970591, -0.0151496995, -0.0466374755
0.0000038201, -0.9510548711, 0.3090220988
-0.0490363799, -0.3086505234, -0.9499106407

  * 28 Vertex position / uv / normal / tangent / binormal 
15.0644645691, 1.7055628300, -0.2036080360
0.5000000000, 0.1000000015, 
0.9987969995, -0.0151496949, -0.0466374718
0.0000038234, -0.9510548711, 0.3090220988
-0.0490363874, -0.3086505234, -0.9499107003

  * 29 Vertex position / uv / normal / tangent / binormal 
15.0606775284, 1.6578938961, -0.2692184448
0.5000000000, 0.2000000030, 
0.9987969995, -0.0151496967, -0.0466374643
0.0000038194, -0.9510548711, 0.3090220988
-0.0490363799, -0.3086505234, -0.9499107003

  * 30 Vertex position / uv / normal / tangent / binormal 
15.0644645691, 1.7055628300, -0.2036080360
0.5000000000, 0.1000000015, 
0.9987969995, -0.0396709815, -0.0288236700
0.0000000775, -0.5877975225, 0.8090080619
-0.0490366258, -0.8080348372, -0.5870903730

  * 31 Vertex position / uv / normal / tangent / binormal 
15.0644636154, 1.6966240406, -0.1913051605
0.6000000238, 0.1000000015, 
0.9987969995, -0.0396709777, -0.0288236681
0.0000000782, -0.5877975225, 0.8090080619
-0.0490366220, -0.8080348372, -0.5870903730

  * 32 Vertex position / uv / normal / tangent / binormal 
15.0606775284, 1.6578938961, -0.2692184448
0.5000000000, 0.2000000030, 
0.9987969995, -0.0396709815, -0.0288236737
0.0000000806, -0.5877975225, 0.8090080619
-0.0490366295, -0.8080348372, -0.5870903730

  * 33 Vertex position / uv / normal / tangent / binormal 
15.0606775284, 1.6578938961, -0.2692184448
0.5000000000, 0.2000000030, 
0.9987969995, -0.0396709815, -0.0288236737
0.0000008155, -0.5877854228, 0.8090168834
-0.0490366295, -0.8080436587, -0.5870782733

  * 34 Vertex position / uv / normal / tangent / binormal 
15.0644636154, 1.6966240406, -0.1913051605
0.6000000238, 0.1000000015, 
0.9987969995, -0.0396709777, -0.0288236681
0.0000008131, -0.5877854228, 0.8090168834
-0.0490366220, -0.8080436587, -0.5870782733

  * 35 Vertex position / uv / normal / tangent / binormal 
15.0606775284, 1.6194941998, -0.2163658142
0.6000000238, 0.2000000030, 
0.9987970591, -0.0396709852, -0.0288236737
0.0000008133, -0.5877854228, 0.8090168834
-0.0490366332, -0.8080436587, -0.5870782733

  * 36 Vertex position / uv / normal / tangent / binormal 
15.0644636154, 1.6966240406, -0.1913051605
0.6000000238, 0.1000000015, 
0.9987967610, -0.0490425676, 0.0000000000
0.0000001508, 0.0000030717, 1.0000000000
-0.0490425676, -0.9987967610, 0.0000030754

  * 37 Vertex position / uv / normal / tangent / binormal 
15.0644645691, 1.6966240406, -0.1760973930
0.7000000477, 0.1000000015, 
0.9987967610, -0.0490425676, 0.0000000000
0.0000001508, 0.0000030717, 1.0000000000
-0.0490425676, -0.9987967610, 0.0000030754

  * 38 Vertex position / uv / normal / tangent / binormal 
15.0606775284, 1.6194941998, -0.2163658142
0.6000000238, 0.2000000030, 
0.9987967014, -0.0490425676, 0.0000000000
0.0000001508, 0.0000030717, 1.0000000000
-0.0490425676, -0.9987967014, 0.0000030754

  * 39 Vertex position / uv / normal / tangent / binormal 
15.0606775284, 1.6194941998, -0.2163658142
0.6000000238, 0.2000000030, 
0.9987967014, -0.0490425676, 0.0000000000
0.0000000000, 0.0000000000, 1.0000000000
-0.0490425676, -0.9987967014, 0.0000000000

  * 40 Vertex position / uv / normal / tangent / binormal 
15.0644645691, 1.6966240406, -0.1760973930
0.7000000477, 0.1000000015, 
0.9987967610, -0.0490425676, 0.0000000000
0.0000000000, 0.0000000000, 1.0000000000
-0.0490425676, -0.9987967610, 0.0000000000

  * 41 Vertex position / uv / normal / tangent / binormal 
15.0606775284, 1.6194941998, -0.1510362625
0.7000000477, 0.2000000030, 
0.9987967610, -0.0490425676, 0.0000000000
0.0000000000, 0.0000000000, 1.0000000000
-0.0490425676, -0.9987967610, 0.0000000000

  * 42 Vertex position / uv / normal / tangent / binormal 
15.0644645691, 1.6966240406, -0.1760973930
0.7000000477, 0.1000000015, 
0.9987971783, -0.0396681279, 0.0288236681
-0.0000020529, 0.5877926350, 0.8090116382
-0.0490343124, -0.8080384731, 0.5870854855

  * 43 Vertex position / uv / normal / tangent / binormal 
15.0644636154, 1.7055628300, -0.1637945175
0.8000000715, 0.1000000015, 
0.9987971783, -0.0396681279, 0.0288236681
-0.0000020529, 0.5877926350, 0.8090116382
-0.0490343124, -0.8080384731, 0.5870854855

  * 44 Vertex position / uv / normal / tangent / binormal 
15.0606775284, 1.6194941998, -0.1510362625
0.7000000477, 0.2000000030, 
0.9987971783, -0.0396681316, 0.0288236700
-0.0000020522, 0.5877926350, 0.8090116382
-0.0490343124, -0.8080384731, 0.5870854855

  * 45 Vertex position / uv / normal / tangent / binormal 
15.0606775284, 1.6194941998, -0.1510362625
0.7000000477, 0.2000000030, 
0.9987971783, -0.0396681316, 0.0288236700
-0.0000024855, 0.5877854824, 0.8090168238
-0.0490343198, -0.8080437779, 0.5870783329

  * 46 Vertex position / uv / normal / tangent / binormal 
15.0644636154, 1.7055628300, -0.1637945175
0.8000000715, 0.1000000015, 
0.9987971783, -0.0396681279, 0.0288236681
-0.0000024862, 0.5877854824, 0.8090168238
-0.0490343198, -0.8080437779, 0.5870783329

  * 47 Vertex position / uv / normal / tangent / binormal 
15.0606775284, 1.6578938961, -0.0981836319
0.8000000715, 0.2000000030, 
0.9987971783, -0.0396681316, 0.0288236700
-0.0000024855, 0.5877854824, 0.8090168238
-0.0490343198, -0.8080437779, 0.5870783329

  * 48 Vertex position / uv / normal / tangent / binormal 
15.0644636154, 1.7055628300, -0.1637945175
0.8000000715, 0.1000000015, 
0.9987969398, -0.0151611064, 0.0466374755
0.0000078793, 0.9510602355, 0.3090059161
-0.0490399115, -0.3086337447, 0.9499159455

  * 49 Vertex position / uv / normal / tangent / binormal 
15.0644645691, 1.7200260162, -0.1590952873
0.9000000954, 0.1000000015, 
0.9987969398, -0.0151611064, 0.0466374792
0.0000078781, 0.9510602355, 0.3090059161
-0.0490399152, -0.3086337447, 0.9499159455

  * 50 Vertex position / uv / normal / tangent / binormal 
15.0606775284, 1.6578938961, -0.0981836319
0.8000000715, 0.2000000030, 
0.9987968802, -0.0151611073, 0.0466374755
0.0000078802, 0.9510602355, 0.3090059161
-0.0490399152, -0.3086337447, 0.9499160051

  * 51 Vertex position / uv / normal / tangent / binormal 
15.0606775284, 1.6578938961, -0.0981836319
0.8000000715, 0.2000000030, 
0.9987968802, -0.0151611073, 0.0466374755
0.0000073211, 0.9510565996, 0.3090167046
-0.0490399152, -0.3086445928, 0.9499124885

  * 52 Vertex position / uv / normal / tangent / binormal 
15.0644645691, 1.7200260162, -0.1590952873
0.9000000954, 0.1000000015, 
0.9987969398, -0.0151611064, 0.0466374792
0.0000073191, 0.9510565996, 0.3090167046
-0.0490399078, -0.3086445928, 0.9499124289

  * 53 Vertex position / uv / normal / tangent / binormal 
15.0606765747, 1.7200260162, -0.0779957771
0.9000000954, 0.2000000030, 
0.9987968802, -0.0151611082, 0.0466374755
0.0000073220, 0.9510565996, 0.3090167046
-0.0490399152, -0.3086445928, 0.9499124885

  * 54 Vertex position / uv / normal / tangent / binormal 
15.0644645691, 1.7200260162, -0.1590952873
0.9000000954, 0.1000000015, 
0.9987968206, 0.0151610868, 0.0466375947
-0.0000075866, 0.9510586262, -0.3090104759
-0.0490400232, 0.3086383343, 0.9499144554

  * 55 Vertex position / uv / normal / tangent / binormal 
15.0644636154, 1.7344889641, -0.1637945175
1.0000001192, 0.1000000015, 
0.9987968206, 0.0151610859, 0.0466375947
-0.0000075858, 0.9510586262, -0.3090104759
-0.0490400195, 0.3086383343, 0.9499144554

  * 56 Vertex position / uv / normal / tangent / binormal 
15.0606765747, 1.7200260162, -0.0779957771
0.9000000954, 0.2000000030, 
0.9987968206, 0.0151610859, 0.0466375984
-0.0000075846, 0.9510586262, -0.3090104759
-0.0490400270, 0.3086383343, 0.9499144554

  * 57 Vertex position / uv / normal / tangent / binormal 
15.0606765747, 1.7200260162, -0.0779957771
0.9000000954, 0.2000000030, 
0.9987968206, 0.0151610859, 0.0466375984
-0.0000072628, 0.9510565996, -0.3090167046
-0.0490400270, 0.3086445630, 0.9499124289

  * 58 Vertex position / uv / normal / tangent / binormal 
15.0644636154, 1.7344889641, -0.1637945175
1.0000001192, 0.1000000015, 
0.9987968206, 0.0151610859, 0.0466375947
-0.0000072640, 0.9510565996, -0.3090167046
-0.0490400232, 0.3086445630, 0.9499124289

  * 59 Vertex position / uv / normal / tangent / binormal 
15.0606775284, 1.7821581364, -0.0981836319
1.0000001192, 0.2000000030, 
0.9987968206, 0.0151610859, 0.0466375984
-0.0000072628, 0.9510565996, -0.3090167046
-0.0490400270, 0.3086445630, 0.9499124289

  * 60 Vertex position / uv / normal / tangent / binormal 
15.0606775284, 1.7821581364, -0.0981836319
0.0000000000, 0.2000000030, 
-0.0797437131, 0.8064405918, 0.5859133601
-0.0000148321, 0.5877842903, -0.8090177178
-0.9968154430, -0.0645227656, -0.0468601398

  * 61 Vertex position / uv / normal / tangent / binormal 
15.0606765747, 1.8205578327, -0.1510367393
0.1000000015, 0.2000000030, 
-0.0797437131, 0.8064407706, 0.5859133601
-0.0000148237, 0.5877841711, -0.8090177774
-0.9968154430, -0.0645227581, -0.0468601324

  * 62 Vertex position / uv / normal / tangent / binormal 
15.0421161652, 1.7812402248, -0.0994467735
0.0000000000, 0.3000000119, 
-0.0797437206, 0.8064405918, 0.5859133601
-0.0000148321, 0.5877842903, -0.8090177178
-0.9968154430, -0.0645227730, -0.0468601435

  * 63 Vertex position / uv / normal / tangent / binormal 
15.0421161652, 1.7812402248, -0.0994467735
0.0000000000, 0.3000000119, 
-0.0797437206, 0.8064405918, 0.5859133601
-0.0000000572, 0.5877852440, -0.8090170026
-0.9968153834, -0.0645140633, -0.0468721390

  * 64 Vertex position / uv / normal / tangent / binormal 
15.0606765747, 1.8205578327, -0.1510367393
0.1000000015, 0.2000000030, 
-0.0797437131, 0.8064407706, 0.5859133601
-0.0000000489, 0.5877851844, -0.8090171814
-0.9968154430, -0.0645140484, -0.0468721204

  * 65 Vertex position / uv / normal / tangent / binormal 
15.0421161652, 1.8190727234, -0.1515188217
0.1000000015, 0.3000000119, 
-0.0797437131, 0.8064407110, 0.5859133601
-0.0000000517, 0.5877851844, -0.8090170622
-0.9968154430, -0.0645140558, -0.0468721315

  * 66 Vertex position / uv / normal / tangent / binormal 
15.0606765747, 1.8205578327, -0.1510367393
0.1000000015, 0.2000000030, 
-0.0797444284, 0.9968153834, 0.0000000000
0.0000145052, 0.0000011604, -1.0000000000
-0.9968153834, -0.0797444284, -0.0000145515

  * 67 Vertex position / uv / normal / tangent / binormal 
15.0606775284, 1.8205578327, -0.2163658142
0.2000000030, 0.2000000030, 
-0.0797444284, 0.9968153834, 0.0000000000
0.0000145052, 0.0000011604, -1.0000000000
-0.9968153834, -0.0797444284, -0.0000145515

  * 68 Vertex position / uv / normal / tangent / binormal 
15.0421161652, 1.8190727234, -0.1515188217
0.1000000015, 0.3000000119, 
-0.0797444284, 0.9968153834, 0.0000000000
0.0000145052, 0.0000011604, -1.0000000000
-0.9968153834, -0.0797444284, -0.0000145515

  * 69 Vertex position / uv / normal / tangent / binormal 
15.0421161652, 1.8190727234, -0.1515188217
0.1000000015, 0.3000000119, 
-0.0797444284, 0.9968153834, 0.0000000000
0.0000000000, 0.0000000000, -1.0000000000
-0.9968153834, -0.0797444284, -0.0000000000

  * 70 Vertex position / uv / normal / tangent / binormal 
15.0606775284, 1.8205578327, -0.2163658142
0.2000000030, 0.2000000030, 
-0.0797444284, 0.9968153834, 0.0000000000
0.0000000000, 0.0000000000, -1.0000000000
-0.9968153834, -0.0797444284, -0.0000000000

  * 71 Vertex position / uv / normal / tangent / binormal 
15.0421161652, 1.8190727234, -0.2158837318
0.2000000030, 0.3000000119, 
-0.0797444284, 0.9968153834, 0.0000000000
0.0000000000, 0.0000000000, -1.0000000000
-0.9968153834, -0.0797444284, -0.0000000000

  * 72 Vertex position / uv / normal / tangent / binormal 
15.0606775284, 1.8205578327, -0.2163658142
0.2000000030, 0.2000000030, 
-0.0797434971, 0.8064414859, -0.5859121084
-0.0000143006, -0.5877848864, -0.8090172410
-0.9968154430, -0.0645054877, 0.0468835644

  * 73 Vertex position / uv / normal / tangent / binormal 
15.0606765747, 1.7821581364, -0.2692189217
0.3000000119, 0.2000000030, 
-0.0797434971, 0.8064414859, -0.5859121084
-0.0000143006, -0.5877848864, -0.8090172410
-0.9968154430, -0.0645054877, 0.0468835644

  * 74 Vertex position / uv / normal / tangent / binormal 
15.0421161652, 1.8190727234, -0.2158837318
0.2000000030, 0.3000000119, 
-0.0797434971, 0.8064416051, -0.5859121084
-0.0000143062, -0.5877848268, -0.8090173006
-0.9968154430, -0.0645054877, 0.0468835533

  * 75 Vertex position / uv / normal / tangent / binormal 
15.0421161652, 1.8190727234, -0.2158837318
0.2000000030, 0.3000000119, 
-0.0797434971, 0.8064416051, -0.5859121084
-0.0000000710, -0.5877839327, -0.8090179563
-0.9968155026, -0.0645138770, 0.0468720011

  * 76 Vertex position / uv / normal / tangent / binormal 
15.0606765747, 1.7821581364, -0.2692189217
0.3000000119, 0.2000000030, 
-0.0797434971, 0.8064414859, -0.5859121084
-0.0000000654, -0.5877839923, -0.8090178967
-0.9968154430, -0.0645138845, 0.0468720086

  * 77 Vertex position / uv / normal / tangent / binormal 
15.0421161652, 1.7812402248, -0.2679557800
0.3000000119, 0.3000000119, 
-0.0797435045, 0.8064415455, -0.5859121680
-0.0000000644, -0.5877839923, -0.8090178967
-0.9968154430, -0.0645138845, 0.0468720086

  * 78 Vertex position / uv / normal / tangent / binormal 
15.0606765747, 1.7821581364, -0.2692189217
0.3000000119, 0.2000000030, 
-0.0797431171, 0.3080322742, -0.9480280876
0.0000144502, -0.9510564804, -0.3090174794
-0.9968155026, -0.0246557128, 0.0758357495

  * 79 Vertex position / uv / normal / tangent / binormal 
15.0606775284, 1.7200260162, -0.2894067764
0.4000000060, 0.2000000030, 
-0.0797431171, 0.3080322742, -0.9480280876
0.0000144502, -0.9510564804, -0.3090174794
-0.9968155026, -0.0246557128, 0.0758357495

  * 80 Vertex position / uv / normal / tangent / binormal 
15.0421161652, 1.7812402248, -0.2679557800
0.3000000119, 0.3000000119, 
-0.0797431171, 0.3080322444, -0.9480280876
0.0000144525, -0.9510564804, -0.3090174496
-0.9968154430, -0.0246557128, 0.0758357421

  * 81 Vertex position / uv / normal / tangent / binormal 
15.0421161652, 1.7812402248, -0.2679557800
0.3000000119, 0.3000000119, 
-0.0797431171, 0.3080322444, -0.9480280876
0.0000002092, -0.9510567188, -0.3090163171
-0.9968155026, -0.0246421210, 0.0758401603

  * 82 Vertex position / uv / normal / tangent / binormal 
15.0606775284, 1.7200260162, -0.2894067764
0.4000000060, 0.2000000030, 
-0.0797431171, 0.3080322742, -0.9480280876
0.0000002070, -0.9510567188, -0.3090163469
-0.9968155026, -0.0246421229, 0.0758401603

  * 83 Vertex position / uv / normal / tangent / binormal 
15.0421161652, 1.7200260162, -0.2878456116
0.4000000060, 0.3000000119, 
-0.0797431096, 0.3080322444, -0.9480280876
0.0000002092, -0.9510567188, -0.3090163171
-0.9968155026, -0.0246421192, 0.0758401528

  * 84 Vertex position / uv / normal / tangent / binormal 
15.0606775284, 1.7200260162, -0.2894067764
0.4000000060, 0.2000000030, 
-0.0797427073, -0.3080353439, -0.9480270743
-0.0000002392, -0.9510557055, 0.3090194464
-0.9968155026, 0.0246422738, 0.0758396834

  * 85 Vertex position / uv / normal / tangent / binormal 
15.0606775284, 1.6578938961, -0.2692184448
0.5000000000, 0.2000000030, 
-0.0797427148, -0.3080353439, -0.9480271935
-0.0000002421, -0.9510557055, 0.3090194166
-0.9968155622, 0.0246422756, 0.0758396909

  * 86 Vertex position / uv / normal / tangent / binormal 
15.0421161652, 1.7200260162, -0.2878456116
0.4000000060, 0.3000000119, 
-0.0797427073, -0.3080353439, -0.9480271339
-0.0000002407, -0.9510557055, 0.3090194166
-0.9968155026, 0.0246422719, 0.0758396834

  * 87 Vertex position / uv / normal / tangent / binormal 
15.0421161652, 1.7200260162, -0.2878456116
0.4000000060, 0.3000000119, 
-0.0797427073, -0.3080353439, -0.9480271339
0.0000002313, -0.9510557652, 0.3090193868
-0.9968155622, 0.0246418230, 0.0758398324

  * 88 Vertex position / uv / normal / tangent / binormal 
15.0606775284, 1.6578938961, -0.2692184448
0.5000000000, 0.2000000030, 
-0.0797427148, -0.3080353439, -0.9480271935
0.0000002298, -0.9510557652, 0.3090193570
-0.9968155622, 0.0246418249, 0.0758398399

  * 89 Vertex position / uv / normal / tangent / binormal 
15.0421161652, 1.6588113308, -0.2679557800
0.5000000000, 0.3000000119, 
-0.0797427148, -0.3080353439, -0.9480270743
0.0000002328, -0.9510557055, 0.3090194166
-0.9968155026, 0.0246418267, 0.0758398399

  * 90 Vertex position / uv / normal / tangent / binormal 
15.0606775284, 1.6578938961, -0.2692184448
0.5000000000, 0.2000000030, 
-0.0797438771, -0.8064379692, -0.5859171152
-0.0000003512, -0.5877889395, 0.8090143204
-0.9968154430, 0.0645141453, 0.0468722843

  * 91 Vertex position / uv / normal / tangent / binormal 
15.0606775284, 1.6194941998, -0.2163658142
0.6000000238, 0.2000000030, 
-0.0797438771, -0.8064378500, -0.5859170556
-0.0000003529, -0.5877889395, 0.8090143204
-0.9968154430, 0.0645141527, 0.0468722880

  * 92 Vertex position / uv / normal / tangent / binormal 
15.0421161652, 1.6588113308, -0.2679557800
0.5000000000, 0.3000000119, 
-0.0797438696, -0.8064379692, -0.5859170556
-0.0000003474, -0.5877888799, 0.8090143800
-0.9968154430, 0.0645141378, 0.0468722805

  * 93 Vertex position / uv / normal / tangent / binormal 
15.0421161652, 1.6588113308, -0.2679557800
0.5000000000, 0.3000000119, 
-0.0797438696, -0.8064379692, -0.5859170556
-0.0000008950, -0.5877888799, 0.8090143800
-0.9968154430, 0.0645144582, 0.0468718372

  * 94 Vertex position / uv / normal / tangent / binormal 
15.0606775284, 1.6194941998, -0.2163658142
0.6000000238, 0.2000000030, 
-0.0797438771, -0.8064378500, -0.5859170556
-0.0000009006, -0.5877889395, 0.8090143204
-0.9968154430, 0.0645144731, 0.0468718447

  * 95 Vertex position / uv / normal / tangent / binormal 
15.0421161652, 1.6209793091, -0.2158837318
0.6000000238, 0.3000000119, 
-0.0797438696, -0.8064379692, -0.5859170556
-0.0000008950, -0.5877888799, 0.8090143800
-0.9968154430, 0.0645144582, 0.0468718372

  * 96 Vertex position / uv / normal / tangent / binormal 
15.0606775284, 1.6194941998, -0.2163658142
0.6000000238, 0.2000000030, 
-0.0797446892, -0.9968153834, 0.0000000000
0.0000000000, 0.0000000000, 1.0000000000
-0.9968153834, 0.0797446892, 0.0000000000

  * 97 Vertex position / uv / normal / tangent / binormal 
15.0606775284, 1.6194941998, -0.1510362625
0.7000000477, 0.2000000030, 
-0.0797446892, -0.9968153834, 0.0000000000
0.0000000000, 0.0000000000, 1.0000000000
-0.9968153834, 0.0797446892, 0.0000000000

  * 98 Vertex position / uv / normal / tangent / binormal 
15.0421161652, 1.6209793091, -0.2158837318
0.6000000238, 0.3000000119, 
-0.0797446966, -0.9968153834, 0.0000000000
0.0000000000, 0.0000000000, 1.0000000000
-0.9968153834, 0.0797446966, 0.0000000000

  * 99 Vertex position / uv / normal / tangent / binormal 
15.0421161652, 1.6209793091, -0.2158837318
0.6000000238, 0.3000000119, 
-0.0797446966, -0.9968153834, 0.0000000000
0.0000000000, 0.0000000000, 1.0000000000
-0.9968153834, 0.0797446966, 0.0000000000

  * 100 Vertex position / uv / normal / tangent / binormal 
15.0606775284, 1.6194941998, -0.1510362625
0.7000000477, 0.2000000030, 
-0.0797446892, -0.9968153834, 0.0000000000
0.0000000000, 0.0000000000, 1.0000000000
-0.9968153834, 0.0797446892, 0.0000000000

  * 101 Vertex position / uv / normal / tangent / binormal 
15.0421161652, 1.6209793091, -0.1515188217
0.7000000477, 0.3000000119, 
-0.0797446892, -0.9968153834, 0.0000000000
0.0000000000, 0.0000000000, 1.0000000000
-0.9968153834, 0.0797446892, 0.0000000000

  * 102 Vertex position / uv / normal / tangent / binormal 
15.0606775284, 1.6194941998, -0.1510362625
0.7000000477, 0.2000000030, 
-0.0797435343, -0.8064422607, 0.5859112144
-0.0000002306, 0.5877830386, 0.8090186119
-0.9968154430, 0.0645138696, -0.0468720831

  * 103 Vertex position / uv / normal / tangent / binormal 
15.0606775284, 1.6578938961, -0.0981836319
0.8000000715, 0.2000000030, 
-0.0797435343, -0.8064422607, 0.5859111547
-0.0000002345, 0.5877830386, 0.8090187311
-0.9968154430, 0.0645138696, -0.0468720831

  * 104 Vertex position / uv / normal / tangent / binormal 
15.0421161652, 1.6209793091, -0.1515188217
0.7000000477, 0.3000000119, 
-0.0797435343, -0.8064422607, 0.5859111547
-0.0000002345, 0.5877830386, 0.8090187311
-0.9968154430, 0.0645138696, -0.0468720831

  * 105 Vertex position / uv / normal / tangent / binormal 
15.0421161652, 1.6209793091, -0.1515188217
0.7000000477, 0.3000000119, 
-0.0797435343, -0.8064422607, 0.5859111547
0.0000003132, 0.5877829790, 0.8090186715
-0.9968154430, 0.0645141974, -0.0468716398

  * 106 Vertex position / uv / normal / tangent / binormal 
15.0606775284, 1.6578938961, -0.0981836319
0.8000000715, 0.2000000030, 
-0.0797435343, -0.8064422607, 0.5859111547
0.0000003132, 0.5877829790, 0.8090186715
-0.9968154430, 0.0645141974, -0.0468716398

  * 107 Vertex position / uv / normal / tangent / binormal 
15.0421161652, 1.6588113308, -0.0994467735
0.8000000715, 0.3000000119, 
-0.0797435343, -0.8064422607, 0.5859111547
0.0000003132, 0.5877829790, 0.8090186715
-0.9968154430, 0.0645141974, -0.0468716398

  * 108 Vertex position / uv / normal / tangent / binormal 
15.0606775284, 1.6578938961, -0.0981836319
0.8000000715, 0.2000000030, 
-0.0797431991, -0.3080307841, 0.9480285048
-0.0000144366, 0.9510575533, 0.3090137541
-0.9968154430, 0.0246280581, -0.0758448169

  * 109 Vertex position / uv / normal / tangent / binormal 
15.0606765747, 1.7200260162, -0.0779957771
0.9000000954, 0.2000000030, 
-0.0797431991, -0.3080307841, 0.9480285048
-0.0000144366, 0.9510575533, 0.3090137541
-0.9968154430, 0.0246280581, -0.0758448169

  * 110 Vertex position / uv / normal / tangent / binormal 
15.0421161652, 1.6588113308, -0.0994467735
0.8000000715, 0.3000000119, 
-0.0797431916, -0.3080307543, 0.9480285048
-0.0000144344, 0.9510575533, 0.3090137243
-0.9968154430, 0.0246280562, -0.0758448094

  * 111 Vertex position / uv / normal / tangent / binormal 
15.0421161652, 1.6588113308, -0.0994467735
0.8000000715, 0.3000000119, 
-0.0797431916, -0.3080307543, 0.9480285048
0.0000001506, 0.9510573149, 0.3090148866
-0.9968154430, 0.0246419739, -0.0758402944

  * 112 Vertex position / uv / normal / tangent / binormal 
15.0606765747, 1.7200260162, -0.0779957771
0.9000000954, 0.2000000030, 
-0.0797431991, -0.3080307841, 0.9480285048
0.0000001483, 0.9510571957, 0.3090148866
-0.9968154430, 0.0246419758, -0.0758403018

  * 113 Vertex position / uv / normal / tangent / binormal 
15.0421161652, 1.7200260162, -0.0795569420
0.9000000954, 0.3000000119, 
-0.0797431916, -0.3080307543, 0.9480285048
0.0000001506, 0.9510573149, 0.3090148866
-0.9968154430, 0.0246419739, -0.0758402944

  * 114 Vertex position / uv / normal / tangent / binormal 
15.0606765747, 1.7200260162, -0.0779957771
0.9000000954, 0.2000000030, 
-0.0797439069, 0.3080297709, 0.9480288029
0.0000143524, 0.9510579109, -0.3090127707
-0.9968154430, -0.0246282797, -0.0758454949

  * 115 Vertex position / uv / normal / tangent / binormal 
15.0606775284, 1.7821581364, -0.0981836319
1.0000001192, 0.2000000030, 
-0.0797439069, 0.3080297709, 0.9480288029
0.0000143524, 0.9510579109, -0.3090127707
-0.9968154430, -0.0246282797, -0.0758454949

  * 116 Vertex position / uv / normal / tangent / binormal 
15.0421161652, 1.7200260162, -0.0795569420
0.9000000954, 0.3000000119, 
-0.0797438994, 0.3080297410, 0.9480288029
0.0000143502, 0.9510579109, -0.3090127409
-0.9968153834, -0.0246282760, -0.0758454874

  * 117 Vertex position / uv / normal / tangent / binormal 
15.0421161652, 1.7200260162, -0.0795569420
0.9000000954, 0.3000000119, 
-0.0797438994, 0.3080297410, 0.9480288029
-0.0000004167, 0.9510575533, -0.3090138733
-0.9968153834, -0.0246423669, -0.0758409128

  * 118 Vertex position / uv / normal / tangent / binormal 
15.0606775284, 1.7821581364, -0.0981836319
1.0000001192, 0.2000000030, 
-0.0797439069, 0.3080297709, 0.9480288029
-0.0000004145, 0.9510575533, -0.3090138733
-0.9968153834, -0.0246423669, -0.0758409202

  * 119 Vertex position / uv / normal / tangent / binormal 
15.0421161652, 1.7812402248, -0.0994467735
1.0000001192, 0.3000000119, 
-0.0797438994, 0.3080297410, 0.9480288029
-0.0000004167, 0.9510575533, -0.3090138733
-0.9968153834, -0.0246423669, -0.0758409128

  * 120 Vertex position / uv / normal / tangent / binormal 
15.0421161652, 1.7812402248, -0.0994467735
0.0000000000, 0.3000000119, 
-0.8174391985, 0.4660069346, 0.3385716677
0.0000010984, 0.5877840519, -0.8090178967
-0.5760149956, -0.6613225937, -0.4804782271

  * 121 Vertex position / uv / normal / tangent / binormal 
15.0421161652, 1.8190727234, -0.1515188217
0.1000000015, 0.3000000119, 
-0.8174391985, 0.4660069644, 0.3385716081
0.0000011521, 0.5877839923, -0.8090178967
-0.5760149360, -0.6613225341, -0.4804781973

  * 122 Vertex position / uv / normal / tangent / binormal 
15.0019588470, 1.7460205555, -0.1479229927
0.0000000000, 0.4000000060, 
-0.8174391985, 0.4660069346, 0.3385716379
0.0000011181, 0.5877839923, -0.8090178967
-0.5760149360, -0.6613225937, -0.4804781675

  * 123 Vertex position / uv / normal / tangent / binormal 
15.0019588470, 1.7460205555, -0.1479229927
0.0000000000, 0.4000000060, 
-0.8174391985, 0.4660069346, 0.3385716379
0.0000100093, 0.5877942443, -0.8090105057
-0.5760149956, -0.6613134742, -0.4804907441

  * 124 Vertex position / uv / normal / tangent / binormal 
15.0421161652, 1.8190727234, -0.1515188217
0.1000000015, 0.3000000119, 
-0.8174391985, 0.4660069644, 0.3385716081
0.0000100433, 0.5877941847, -0.8090105057
-0.5760149360, -0.6613134742, -0.4804906845

  * 125 Vertex position / uv / normal / tangent / binormal 
15.0019598007, 1.7620859146, -0.1700353622
0.1000000015, 0.4000000060, 
-0.8174391985, 0.4660069644, 0.3385716379
0.0000100236, 0.5877942443, -0.8090105057
-0.5760149956, -0.6613134742, -0.4804907441

  * 126 Vertex position / uv / normal / tangent / binormal 
15.0421161652, 1.8190727234, -0.1515188217
0.1000000015, 0.3000000119, 
-0.8174399734, 0.5760138035, 0.0000000000
0.0000000000, 0.0000000000, -1.0000000000
-0.5760138035, -0.8174399734, -0.0000000000

  * 127 Vertex position / uv / normal / tangent / binormal 
15.0421161652, 1.8190727234, -0.2158837318
0.2000000030, 0.3000000119, 
-0.8174399734, 0.5760138035, 0.0000000000
0.0000000000, 0.0000000000, -1.0000000000
-0.5760138035, -0.8174399734, -0.0000000000

  * 128 Vertex position / uv / normal / tangent / binormal 
15.0019598007, 1.7620859146, -0.1700353622
0.1000000015, 0.4000000060, 
-0.8174400330, 0.5760137439, 0.0000000000
0.0000000000, 0.0000000000, -1.0000000000
-0.5760137439, -0.8174400330, -0.0000000000

  * 129 Vertex position / uv / normal / tangent / binormal 
15.0019598007, 1.7620859146, -0.1700353622
0.1000000015, 0.4000000060, 
-0.8174400330, 0.5760137439, 0.0000000000
-0.0000115770, -0.0000164293, -1.0000000000
-0.5760137439, -0.8174400330, 0.0000200985

  * 130 Vertex position / uv / normal / tangent / binormal 
15.0421161652, 1.8190727234, -0.2158837318
0.2000000030, 0.3000000119, 
-0.8174399734, 0.5760138035, 0.0000000000
-0.0000115770, -0.0000164293, -1.0000000000
-0.5760138035, -0.8174399734, 0.0000200985

  * 131 Vertex position / uv / normal / tangent / binormal 
15.0019588470, 1.7620859146, -0.1973671913
0.2000000030, 0.4000000060, 
-0.8174399734, 0.5760137439, 0.0000000000
-0.0000115770, -0.0000164293, -1.0000000000
-0.5760137439, -0.8174399734, 0.0000200985

  * 132 Vertex position / uv / normal / tangent / binormal 
15.0421161652, 1.8190727234, -0.2158837318
0.2000000030, 0.3000000119, 
-0.8174403310, 0.4660048187, -0.3385720551
0.0000001745, -0.5877847672, -0.8090173602
-0.5760134459, -0.6613234282, 0.4804788232

  * 133 Vertex position / uv / normal / tangent / binormal 
15.0421161652, 1.7812402248, -0.2679557800
0.3000000119, 0.3000000119, 
-0.8174402714, 0.4660047889, -0.3385720253
0.0000001691, -0.5877847672, -0.8090173602
-0.5760134459, -0.6613234282, 0.4804788530

  * 134 Vertex position / uv / normal / tangent / binormal 
15.0019588470, 1.7620859146, -0.1973671913
0.2000000030, 0.4000000060, 
-0.8174403310, 0.4660047889, -0.3385720551
0.0000001888, -0.5877847672, -0.8090173602
-0.5760133862, -0.6613234282, 0.4804788232

  * 135 Vertex position / uv / normal / tangent / binormal 
15.0019588470, 1.7620859146, -0.1973671913
0.2000000030, 0.4000000060, 
-0.8174403310, 0.4660047889, -0.3385720551
0.0000144514, -0.5877684355, -0.8090293407
-0.5760134459, -0.6613380313, 0.4804588258

  * 136 Vertex position / uv / normal / tangent / binormal 
15.0421161652, 1.7812402248, -0.2679557800
0.3000000119, 0.3000000119, 
-0.8174402714, 0.4660047889, -0.3385720253
0.0000144317, -0.5877683759, -0.8090292811
-0.5760134459, -0.6613380313, 0.4804587960

  * 137 Vertex position / uv / normal / tangent / binormal 
15.0019598007, 1.7460205555, -0.2194795609
0.3000000119, 0.4000000060, 
-0.8174403310, 0.4660048187, -0.3385720551
0.0000144371, -0.5877683759, -0.8090292811
-0.5760134459, -0.6613379717, 0.4804587662

  * 138 Vertex position / uv / normal / tangent / binormal 
15.0421161652, 1.7812402248, -0.2679557800
0.3000000119, 0.3000000119, 
-0.8174400926, 0.1780008823, -0.5478205085
-0.0000015940, -0.9510555863, -0.3090198934
-0.5760136247, -0.2526044250, 0.7774313688

  * 139 Vertex position / uv / normal / tangent / binormal 
15.0421161652, 1.7200260162, -0.2878456116
0.4000000060, 0.3000000119, 
-0.8174401522, 0.1780008972, -0.5478205681
-0.0000015905, -0.9510555863, -0.3090198934
-0.5760136247, -0.2526043653, 0.7774311900

  * 140 Vertex position / uv / normal / tangent / binormal 
15.0019598007, 1.7460205555, -0.2194795609
0.3000000119, 0.4000000060, 
-0.8174401522, 0.1780008972, -0.5478205085
-0.0000016056, -0.9510555863, -0.3090198934
-0.5760135651, -0.2526043653, 0.7774313092

  * 141 Vertex position / uv / normal / tangent / binormal 
15.0019598007, 1.7460205555, -0.2194795609
0.3000000119, 0.4000000060, 
-0.8174401522, 0.1780008972, -0.5478205085
-0.0000127925, -0.9510604739, -0.3090047836
-0.5760135651, -0.2525859177, 0.7774372697

  * 142 Vertex position / uv / normal / tangent / binormal 
15.0421161652, 1.7200260162, -0.2878456116
0.4000000060, 0.3000000119, 
-0.8174401522, 0.1780008972, -0.5478205681
-0.0000127774, -0.9510604739, -0.3090047836
-0.5760136247, -0.2525859177, 0.7774372697

  * 143 Vertex position / uv / normal / tangent / binormal 
15.0019588470, 1.7200260162, -0.2279257774
0.4000000060, 0.4000000060, 
-0.8174400926, 0.1780008972, -0.5478205085
-0.0000127925, -0.9510604739, -0.3090047836
-0.5760136247, -0.2525859177, 0.7774373293

  * 144 Vertex position / uv / normal / tangent / binormal 
15.0421161652, 1.7200260162, -0.2878456116
0.4000000060, 0.3000000119, 
-0.8174410462, -0.1779955029, -0.5478211045
-0.0000016607, -0.9510570168, 0.3090155125
-0.5760123730, 0.2526028454, 0.7774326205

  * 145 Vertex position / uv / normal / tangent / binormal 
15.0421161652, 1.6588113308, -0.2679557800
0.5000000000, 0.3000000119, 
-0.8174409270, -0.1779955178, -0.5478210449
-0.0000016340, -0.9510570168, 0.3090155423
-0.5760124326, 0.2526028454, 0.7774326205

  * 146 Vertex position / uv / normal / tangent / binormal 
15.0019588470, 1.7200260162, -0.2279257774
0.4000000060, 0.4000000060, 
-0.8174409270, -0.1779955029, -0.5478210449
-0.0000016456, -0.9510570168, 0.3090155423
-0.5760124326, 0.2526028454, 0.7774326205

  * 147 Vertex position / uv / normal / tangent / binormal 
15.0019588470, 1.7200260162, -0.2279257774
0.4000000060, 0.4000000060, 
-0.8174409270, -0.1779955029, -0.5478210449
0.0000084633, -0.9510614276, 0.3090018928
-0.5760124326, 0.2525861561, 0.7774380445

  * 148 Vertex position / uv / normal / tangent / binormal 
15.0421161652, 1.6588113308, -0.2679557800
0.5000000000, 0.3000000119, 
-0.8174409270, -0.1779955178, -0.5478210449
0.0000084749, -0.9510614276, 0.3090018928
-0.5760124326, 0.2525861561, 0.7774380445

  * 149 Vertex position / uv / normal / tangent / binormal 
15.0019598007, 1.6940314770, -0.2194795609
0.5000000000, 0.4000000060, 
-0.8174409270, -0.1779955178, -0.5478210449
0.0000084749, -0.9510614276, 0.3090018928
-0.5760124326, 0.2525861561, 0.7774380445

  * 150 Vertex position / uv / normal / tangent / binormal 
15.0421161652, 1.6588113308, -0.2679557800
0.5000000000, 0.3000000119, 
-0.8174392581, -0.4660069346, -0.3385715485
-0.0000016449, -0.5877807140, 0.8090202808
-0.5760148764, 0.6613254547, 0.4804742634

