  //v File Header --------------------
  # Mesh count [(int)]
17
  # Material count [(int)]
1
  //^ File Header --------------------

    //v Mesh 0 Header  --------------------

  # Mesh name [(char) * 256]: 
doorLeft
  # Material count [(int)]: 
1
  # Vertex count [(int)]: 
36
    //^ Mesh 0 Header  --------------------

  * 0 Vertex position / uv / normal / tangent / binormal [(float) * 14]
-4.69637, -0.13147, -10.68893
0.49037, 0.06251, 
0.61478, 0.00000, -0.78870
-0.78870, 0.00084, -0.61478
0.00066, 1.00000, 0.00052

  * 1 Vertex position / uv / normal / tangent / binormal [(float) * 14]
-4.86852, -0.13147, -10.82311
0.51557, 0.06249, 
0.61478, 0.00000, -0.78870
-0.78870, 0.00084, -0.61478
0.00066, 1.00000, 0.00052

  * 2 Vertex position / uv / normal / tangent / binormal [(float) * 14]
-4.69637, 2.22473, -10.68893
0.49060, 0.33456, 
0.61477, 0.00000, -0.78870
-0.78870, 0.00084, -0.61477
0.00066, 1.00000, 0.00052

  * 3 Vertex position / uv / normal / tangent / binormal [(float) * 14]
-4.69637, 2.22473, -10.68893
0.49060, 0.33456, 
0.61477, 0.00000, -0.78870
-0.78870, 0.00084, -0.61477
0.00066, 1.00000, 0.00052

  * 4 Vertex position / uv / normal / tangent / binormal [(float) * 14]
-4.86852, -0.13147, -10.82311
0.51557, 0.06249, 
0.61478, 0.00000, -0.78870
-0.78870, 0.00084, -0.61478
0.00066, 1.00000, 0.00052

  * 5 Vertex position / uv / normal / tangent / binormal [(float) * 14]
-4.86852, 2.22473, -10.82311
0.51580, 0.33454, 
0.61477, 0.00000, -0.78871
-0.78870, 0.00084, -0.61477
0.00066, 1.00000, 0.00052

  * 6 Vertex position / uv / normal / tangent / binormal [(float) * 14]
-4.69637, 2.22473, -10.68893
0.49060, 0.33456, 
0.00000, 1.00000, 0.00000
-0.78913, 0.00000, -0.61423
-0.61423, 0.00000, 0.78913

  * 7 Vertex position / uv / normal / tangent / binormal [(float) * 14]
-4.86852, 2.22473, -10.82311
0.51580, 0.33454, 
0.00000, 1.00000, 0.00000
-0.78913, 0.00000, -0.61423
-0.61423, 0.00000, 0.78913

  * 8 Vertex position / uv / normal / tangent / binormal [(float) * 14]
-5.18372, 2.22473, -10.07210
0.49184, 0.44467, 
0.00000, 1.00000, 0.00000
-0.78913, 0.00000, -0.61423
-0.61423, 0.00000, 0.78913

  * 9 Vertex position / uv / normal / tangent / binormal [(float) * 14]
-5.18372, 2.22473, -10.07210
0.49184, 0.44467, 
0.00000, 1.00000, 0.00000
-0.78913, 0.00000, -0.61423
-0.61423, 0.00000, 0.78913

  * 10 Vertex position / uv / normal / tangent / binormal [(float) * 14]
-4.86852, 2.22473, -10.82311
0.51580, 0.33454, 
0.00000, 1.00000, 0.00000
-0.78913, 0.00000, -0.61423
-0.61423, 0.00000, 0.78913

  * 11 Vertex position / uv / normal / tangent / binormal [(float) * 14]
-5.35587, 2.22473, -10.20628
0.51704, 0.44465, 
0.00000, 1.00000, 0.00000
-0.78913, 0.00000, -0.61423
-0.61423, 0.00000, 0.78913

  * 12 Vertex position / uv / normal / tangent / binormal [(float) * 14]
-5.18372, 2.22473, -10.07210
0.49184, 0.44467, 
-0.61477, 0.00000, 0.78870
-0.78870, -0.00084, -0.61477
0.00066, -1.00000, 0.00051

  * 13 Vertex position / uv / normal / tangent / binormal [(float) * 14]
-5.35587, 2.22473, -10.20628
0.51704, 0.44465, 
-0.61477, 0.00000, 0.78870
-0.78870, -0.00084, -0.61477
0.00066, -1.00000, 0.00051

  * 14 Vertex position / uv / normal / tangent / binormal [(float) * 14]
-5.18372, -0.13147, -10.07210
0.49207, 0.71673, 
-0.61477, 0.00000, 0.78870
-0.78870, -0.00084, -0.61477
0.00066, -1.00000, 0.00051

  * 15 Vertex position / uv / normal / tangent / binormal [(float) * 14]
-5.18372, -0.13147, -10.07210
0.49207, 0.71673, 
-0.61477, 0.00000, 0.78870
-0.78870, -0.00083, -0.61477
0.00066, -1.00000, 0.00051

  * 16 Vertex position / uv / normal / tangent / binormal [(float) * 14]
-5.35587, 2.22473, -10.20628
0.51704, 0.44465, 
-0.61477, 0.00000, 0.78870
-0.78870, -0.00083, -0.61477
0.00066, -1.00000, 0.00051

  * 17 Vertex position / uv / normal / tangent / binormal [(float) * 14]
-5.35587, -0.13147, -10.20628
0.51727, 0.71671, 
-0.61477, 0.00000, 0.78870
-0.78870, -0.00083, -0.61477
0.00066, -1.00000, 0.00051

  * 18 Vertex position / uv / normal / tangent / binormal [(float) * 14]
-5.35587, -0.13147, -10.20628
0.51727, 0.71671, 
0.00000, -1.00000, 0.00000
-0.78828, 0.00000, -0.61531
0.61531, 0.00000, -0.78828

  * 19 Vertex position / uv / normal / tangent / binormal [(float) * 14]
-4.86852, -0.13147, -10.82311
0.51621, 0.82682, 
0.00000, -1.00000, 0.00000
-0.78828, 0.00000, -0.61531
0.61531, 0.00000, -0.78828

  * 20 Vertex position / uv / normal / tangent / binormal [(float) * 14]
-5.18372, -0.13147, -10.07210
0.49207, 0.71673, 
0.00000, -1.00000, 0.00000
-0.78828, 0.00000, -0.61531
0.61531, 0.00000, -0.78828

  * 21 Vertex position / uv / normal / tangent / binormal [(float) * 14]
-5.18372, -0.13147, -10.07210
0.49207, 0.71673, 
0.00000, -1.00000, 0.00000
-0.78828, 0.00000, -0.61531
0.61531, 0.00000, -0.78828

  * 22 Vertex position / uv / normal / tangent / binormal [(float) * 14]
-4.86852, -0.13147, -10.82311
0.51621, 0.82682, 
0.00000, -1.00000, 0.00000
-0.78828, 0.00000, -0.61531
0.61531, 0.00000, -0.78828

  * 23 Vertex position / uv / normal / tangent / binormal [(float) * 14]
-4.69637, -0.13147, -10.68893
0.49101, 0.82684, 
0.00000, -1.00000, 0.00000
-0.78828, 0.00000, -0.61531
0.61531, 0.00000, -0.78828

  * 24 Vertex position / uv / normal / tangent / binormal [(float) * 14]
-4.86852, -0.13147, -10.82311
0.51557, 0.06249, 
-0.78223, 0.00000, -0.62299
-0.62299, 0.00102, 0.78223
0.00064, 1.00000, -0.00080

  * 25 Vertex position / uv / normal / tangent / binormal [(float) * 14]
-5.35587, -0.13147, -10.20628
0.62568, 0.06239, 
-0.78223, 0.00000, -0.62300
-0.62299, 0.00102, 0.78223
0.00064, 1.00000, -0.00080

  * 26 Vertex position / uv / normal / tangent / binormal [(float) * 14]
-4.86852, 2.22473, -10.82311
0.51580, 0.33454, 
-0.78223, 0.00000, -0.62300
-0.62300, 0.00102, 0.78222
0.00064, 1.00000, -0.00080

  * 27 Vertex position / uv / normal / tangent / binormal [(float) * 14]
-4.86852, 2.22473, -10.82311
0.51580, 0.33454, 
-0.78223, 0.00000, -0.62300
-0.62300, 0.00102, 0.78222
0.00064, 1.00000, -0.00080

  * 28 Vertex position / uv / normal / tangent / binormal [(float) * 14]
-5.35587, -0.13147, -10.20628
0.62568, 0.06239, 
-0.78223, 0.00000, -0.62300
-0.62299, 0.00102, 0.78223
0.00064, 1.00000, -0.00080

  * 29 Vertex position / uv / normal / tangent / binormal [(float) * 14]
-5.35587, 2.22473, -10.20628
0.62591, 0.33445, 
-0.78222, 0.00000, -0.62300
-0.62300, 0.00102, 0.78222
0.00064, 1.00000, -0.00080

  * 30 Vertex position / uv / normal / tangent / binormal [(float) * 14]
-5.18372, -0.13147, -10.07210
0.38025, 0.06260, 
0.78222, 0.00000, 0.62300
0.62300, 0.00102, -0.78222
-0.00064, 1.00000, 0.00080

  * 31 Vertex position / uv / normal / tangent / binormal [(float) * 14]
-4.69637, -0.13147, -10.68893
0.49037, 0.06251, 
0.78222, 0.00000, 0.62300
0.62300, 0.00102, -0.78222
-0.00064, 1.00000, 0.00080

  * 32 Vertex position / uv / normal / tangent / binormal [(float) * 14]
-5.18372, 2.22473, -10.07210
0.38048, 0.33466, 
0.78222, 0.00000, 0.62300
0.62300, 0.00102, -0.78222
-0.00064, 1.00000, 0.00080

  * 33 Vertex position / uv / normal / tangent / binormal [(float) * 14]
-5.18372, 2.22473, -10.07210
0.38048, 0.33466, 
0.78222, 0.00000, 0.62300
0.62300, 0.00102, -0.78222
-0.00064, 1.00000, 0.00080

  * 34 Vertex position / uv / normal / tangent / binormal [(float) * 14]
-4.69637, -0.13147, -10.68893
0.49037, 0.06251, 
0.78222, 0.00000, 0.62300
0.62300, 0.00102, -0.78222
-0.00064, 1.00000, 0.00080

  * 35 Vertex position / uv / normal / tangent / binormal [(float) * 14]
-4.69637, 2.22473, -10.68893
0.49060, 0.33456, 
0.78222, 0.00000, 0.62300
0.62300, 0.00102, -0.78222
-0.00064, 1.00000, 0.00080


    //v Mesh 1 Header  --------------------

  # Mesh name [(char) * 256]: 
doorGoal
  # Material count [(int)]: 
1
  # Vertex count [(int)]: 
30
    //^ Mesh 1 Header  --------------------

  * 0 Vertex position / uv / normal / tangent / binormal [(float) * 14]
-3.24652, -0.13147, -10.70583
0.44398, 0.02178, 
0.99976, 0.00000, -0.02212
-0.02212, 0.00526, -0.99974
0.00012, 0.99999, 0.00526

  * 1 Vertex position / uv / normal / tangent / binormal [(float) * 14]
-3.26299, -0.13147, -11.45019
0.53466, 0.02130, 
0.99976, 0.00000, -0.02212
-0.02212, 0.00526, -0.99974
0.00012, 0.99999, 0.00526

  * 2 Vertex position / uv / normal / tangent / binormal [(float) * 14]
-3.24652, 2.22473, -10.70583
0.44549, 0.30874, 
0.99976, 0.00000, -0.02212
-0.02212, 0.00526, -0.99974
0.00012, 0.99999, 0.00526

  * 3 Vertex position / uv / normal / tangent / binormal [(float) * 14]
-3.24652, 2.22473, -10.70583
0.44549, 0.30874, 
0.99976, 0.00000, -0.02212
-0.02212, 0.00526, -0.99974
0.00012, 0.99999, 0.00526

  * 4 Vertex position / uv / normal / tangent / binormal [(float) * 14]
-3.26299, -0.13147, -11.45019
0.53466, 0.02130, 
0.99976, 0.00000, -0.02212
-0.02212, 0.00526, -0.99974
0.00012, 0.99999, 0.00526

  * 5 Vertex position / uv / normal / tangent / binormal [(float) * 14]
-3.26299, 2.22473, -11.45019
0.53617, 0.30826, 
0.99976, 0.00000, -0.02212
-0.02212, 0.00526, -0.99974
0.00012, 0.99999, 0.00526

  * 6 Vertex position / uv / normal / tangent / binormal [(float) * 14]
-3.24652, 2.22473, -10.70583
0.44549, 0.30874, 
0.00000, 1.00000, 0.00000
-0.02738, 0.00000, -0.99963
-0.99963, 0.00000, 0.02738

  * 7 Vertex position / uv / normal / tangent / binormal [(float) * 14]
-3.26299, 2.22473, -11.45019
0.53617, 0.30826, 
-0.00000, 1.00000, 0.00000
-0.02738, 0.00000, -0.99963
-0.99963, -0.00000, 0.02738

  * 8 Vertex position / uv / normal / tangent / binormal [(float) * 14]
-4.87470, 2.22473, -10.68453
0.44833, 0.50703, 
-0.00000, 1.00000, 0.00000
-0.02738, 0.00000, -0.99963
-0.99963, -0.00000, 0.02738

  * 9 Vertex position / uv / normal / tangent / binormal [(float) * 14]
-4.87470, 2.22473, -10.68453
0.44833, 0.50703, 
-0.00000, 1.00000, 0.00000
-0.02738, 0.00000, -0.99963
-0.99963, -0.00000, 0.02738

  * 10 Vertex position / uv / normal / tangent / binormal [(float) * 14]
-3.26299, 2.22473, -11.45019
0.53617, 0.30826, 
-0.00000, 1.00000, 0.00000
-0.02738, 0.00000, -0.99963
-0.99963, -0.00000, 0.02738

  * 11 Vertex position / uv / normal / tangent / binormal [(float) * 14]
-4.89117, 2.22473, -11.42890
0.53901, 0.50655, 
-0.00000, 1.00000, 0.00000
-0.02738, 0.00000, -0.99963
-0.99963, -0.00000, 0.02738

  * 12 Vertex position / uv / normal / tangent / binormal [(float) * 14]
-4.87470, 2.22473, -10.68453
0.44833, 0.50703, 
-0.99976, 0.00000, 0.02212
-0.02212, -0.00526, -0.99974
0.00012, -0.99999, 0.00526

  * 13 Vertex position / uv / normal / tangent / binormal [(float) * 14]
-4.89117, 2.22473, -11.42890
0.53901, 0.50655, 
-0.99976, 0.00000, 0.02212
-0.02212, -0.00526, -0.99974
0.00012, -0.99999, 0.00526

  * 14 Vertex position / uv / normal / tangent / binormal [(float) * 14]
-4.87470, -0.13147, -10.68453
0.44984, 0.79399, 
-0.99976, 0.00000, 0.02212
-0.02212, -0.00526, -0.99974
0.00012, -0.99999, 0.00526

  * 15 Vertex position / uv / normal / tangent / binormal [(float) * 14]
-4.87470, -0.13147, -10.68453
0.44984, 0.79399, 
-0.99976, 0.00000, 0.02212
-0.02212, -0.00526, -0.99974
0.00012, -0.99999, 0.00526

  * 16 Vertex position / uv / normal / tangent / binormal [(float) * 14]
-4.89117, 2.22473, -11.42890
0.53901, 0.50655, 
-0.99976, 0.00000, 0.02212
-0.02212, -0.00526, -0.99974
0.00012, -0.99999, 0.00526

  * 17 Vertex position / uv / normal / tangent / binormal [(float) * 14]
-4.89117, -0.13147, -11.42890
0.54052, 0.79351, 
-0.99976, 0.00000, 0.02212
-0.02212, -0.00526, -0.99974
0.00012, -0.99999, 0.00526

  * 18 Vertex position / uv / normal / tangent / binormal [(float) * 14]
-4.89117, -0.13147, -11.42890
0.54052, 0.79351, 
0.00000, -1.00000, -0.00000
-0.01686, 0.00000, -0.99986
0.99986, 0.00000, -0.01686

  * 19 Vertex position / uv / normal / tangent / binormal [(float) * 14]
-3.26299, -0.13147, -11.45019
0.53976, 0.99182, 
0.00000, -1.00000, -0.00000
-0.01686, 0.00000, -0.99986
0.99986, 0.00000, -0.01686

  * 20 Vertex position / uv / normal / tangent / binormal [(float) * 14]
-4.87470, -0.13147, -10.68453
0.44984, 0.79399, 
0.00000, -1.00000, -0.00000
-0.01686, 0.00000, -0.99986
0.99986, 0.00000, -0.01686

  * 21 Vertex position / uv / normal / tangent / binormal [(float) * 14]
-4.87470, -0.13147, -10.68453
0.44984, 0.79399, 
0.00000, -1.00000, -0.00000
-0.01686, 0.00000, -0.99986
0.99986, 0.00000, -0.01686

  * 22 Vertex position / uv / normal / tangent / binormal [(float) * 14]
-3.26299, -0.13147, -11.45019
0.53976, 0.99182, 
0.00000, -1.00000, -0.00000
-0.01686, 0.00000, -0.99986
0.99986, 0.00000, -0.01686

  * 23 Vertex position / uv / normal / tangent / binormal [(float) * 14]
-3.24652, -0.13147, -10.70583
0.44909, 0.99230, 
0.00000, -1.00000, -0.00000
-0.01686, 0.00000, -0.99986
0.99986, 0.00000, -0.01686

  * 24 Vertex position / uv / normal / tangent / binormal [(float) * 14]
-4.87470, -0.13147, -10.68453
0.24567, 0.02282, 
0.01308, 0.00000, 0.99991
0.99990, 0.00526, -0.01308
-0.00526, 0.99999, 0.00007

  * 25 Vertex position / uv / normal / tangent / binormal [(float) * 14]
-3.24652, -0.13147, -10.70583
0.44398, 0.02178, 
0.01308, 0.00000, 0.99991
0.99990, 0.00526, -0.01308
-0.00526, 0.99999, 0.00007

  * 26 Vertex position / uv / normal / tangent / binormal [(float) * 14]
-4.87470, 2.22473, -10.68453
0.24718, 0.30978, 
0.01308, 0.00000, 0.99991
0.99990, 0.00526, -0.01308
-0.00526, 0.99999, 0.00007

  * 27 Vertex position / uv / normal / tangent / binormal [(float) * 14]
-4.87470, 2.22473, -10.68453
0.24718, 0.30978, 
0.01308, 0.00000, 0.99991
0.99990, 0.00526, -0.01308
-0.00526, 0.99999, 0.00007

  * 28 Vertex position / uv / normal / tangent / binormal [(float) * 14]
-3.24652, -0.13147, -10.70583
0.44398, 0.02178, 
0.01308, 0.00000, 0.99991
0.99990, 0.00526, -0.01308
-0.00526, 0.99999, 0.00007

  * 29 Vertex position / uv / normal / tangent / binormal [(float) * 14]
-3.24652, 2.22473, -10.70583
0.44549, 0.30874, 
0.01308, 0.00000, 0.99991
0.99990, 0.00526, -0.01308
-0.00526, 0.99999, 0.00007


    //v Mesh 2 Header  --------------------

  # Mesh name [(char) * 256]: 
platformGoal
  # Material count [(int)]: 
1
  # Vertex count [(int)]: 
60
    //^ Mesh 2 Header  --------------------

  * 0 Vertex position / uv / normal / tangent / binormal [(float) * 14]
-0.97929, 0.00000, -5.23209
0.37452, 0.37749, 
0.00000, 1.00000, 0.00000
-0.99977, 0.00000, -0.02160
-0.02160, 0.00000, 0.99977

  * 1 Vertex position / uv / normal / tangent / binormal [(float) * 14]
-0.97929, 0.00000, -11.09707
0.37691, 0.26691, 
0.00000, 1.00000, 0.00000
-0.99977, 0.00000, -0.02160
-0.02160, 0.00000, 0.99977

  * 2 Vertex position / uv / normal / tangent / binormal [(float) * 14]
-7.28365, 0.00000, -5.23209
0.49338, 0.38006, 
0.00000, 1.00000, 0.00000
-0.99977, 0.00000, -0.02160
-0.02160, 0.00000, 0.99977

  * 3 Vertex position / uv / normal / tangent / binormal [(float) * 14]
-7.28365, 0.00000, -5.23209
0.49338, 0.38006, 
0.00000, 1.00000, 0.00000
-0.99977, 0.00000, -0.02160
-0.02160, 0.00000, 0.99977

  * 4 Vertex position / uv / normal / tangent / binormal [(float) * 14]
-0.97929, 0.00000, -11.09707
0.37691, 0.26691, 
0.00000, 1.00000, 0.00000
-0.99977, 0.00000, -0.02160
-0.02160, 0.00000, 0.99977

  * 5 Vertex position / uv / normal / tangent / binormal [(float) * 14]
-7.28365, 0.00000, -11.09707
0.49577, 0.26947, 
0.00000, 1.00000, 0.00000
-0.99977, 0.00000, -0.02160
-0.02160, 0.00000, 0.99977

  * 6 Vertex position / uv / normal / tangent / binormal [(float) * 14]
-7.28365, -1.09995, -5.23209
0.49294, 0.40080, 
-0.00000, 0.00000, 1.00000
-0.99977, 0.02160, -0.00000
-0.02160, -0.99977, -0.00000

  * 7 Vertex position / uv / normal / tangent / binormal [(float) * 14]
-0.97929, -1.09995, -5.23209
0.37407, 0.39823, 
-0.00000, 0.00000, 1.00000
-0.99977, 0.02160, -0.00000
-0.02160, -0.99977, -0.00000

  * 8 Vertex position / uv / normal / tangent / binormal [(float) * 14]
-7.28365, 0.00000, -5.23209
0.49338, 0.38006, 
-0.00000, 0.00000, 1.00000
-0.99977, 0.02160, -0.00000
-0.02160, -0.99977, -0.00000

  * 9 Vertex position / uv / normal / tangent / binormal [(float) * 14]
-7.28365, 0.00000, -5.23209
0.49338, 0.38006, 
-0.00000, 0.00000, 1.00000
-0.99977, 0.02160, -0.00000
-0.02160, -0.99977, -0.00000

  * 10 Vertex position / uv / normal / tangent / binormal [(float) * 14]
-0.97929, -1.09995, -5.23209
0.37407, 0.39823, 
-0.00000, 0.00000, 1.00000
-0.99977, 0.02160, -0.00000
-0.02160, -0.99977, -0.00000

  * 11 Vertex position / uv / normal / tangent / binormal [(float) * 14]
-0.97929, 0.00000, -5.23209
0.37452, 0.37749, 
-0.00000, 0.00000, 1.00000
-0.99977, 0.02160, -0.00000
-0.02160, -0.99977, -0.00000

  * 12 Vertex position / uv / normal / tangent / binormal [(float) * 14]
-7.28365, 0.00000, -11.09707
0.49577, 0.26947, 
-1.00000, 0.00000, -0.00000
-0.00000, -0.02160, 0.99977
-0.00000, 0.99977, 0.02160

  * 13 Vertex position / uv / normal / tangent / binormal [(float) * 14]
-7.28365, -1.09995, -11.09707
0.49622, 0.24874, 
-1.00000, 0.00000, -0.00000
-0.00000, -0.02160, 0.99977
-0.00000, 0.99977, 0.02160

  * 14 Vertex position / uv / normal / tangent / binormal [(float) * 14]
-7.28365, 0.00000, -5.23209
0.60636, 0.27186, 
-1.00000, 0.00000, -0.00000
-0.00000, -0.02160, 0.99977
-0.00000, 0.99977, 0.02160

  * 15 Vertex position / uv / normal / tangent / binormal [(float) * 14]
-7.28365, 0.00000, -5.23209
0.60636, 0.27186, 
-1.00000, 0.00000, -0.00000
-0.00000, -0.02160, 0.99977
-0.00000, 0.99977, 0.02160

  * 16 Vertex position / uv / normal / tangent / binormal [(float) * 14]
-7.28365, -1.09995, -11.09707
0.49622, 0.24874, 
-1.00000, 0.00000, -0.00000
-0.00000, -0.02160, 0.99977
-0.00000, 0.99977, 0.02160

  * 17 Vertex position / uv / normal / tangent / binormal [(float) * 14]
-7.28365, -1.09995, -5.23209
0.60680, 0.25112, 
-1.00000, 0.00000, -0.00000
-0.00000, -0.02160, 0.99977
-0.00000, 0.99977, 0.02160

  * 18 Vertex position / uv / normal / tangent / binormal [(float) * 14]
-0.97929, 0.00000, -5.23209
0.26632, 0.26452, 
1.00000, 0.00000, 0.00000
0.00000, -0.02160, -0.99977
0.00000, 0.99977, -0.02160

  * 19 Vertex position / uv / normal / tangent / binormal [(float) * 14]
-0.97929, -1.09995, -5.23209
0.26677, 0.24378, 
1.00000, 0.00000, 0.00000
0.00000, -0.02160, -0.99977
0.00000, 0.99977, -0.02160

  * 20 Vertex position / uv / normal / tangent / binormal [(float) * 14]
-0.97929, 0.00000, -11.09707
0.37691, 0.26691, 
1.00000, 0.00000, 0.00000
0.00000, -0.02160, -0.99977
0.00000, 0.99977, -0.02160

  * 21 Vertex position / uv / normal / tangent / binormal [(float) * 14]
-0.97929, 0.00000, -11.09707
0.37691, 0.26691, 
1.00000, 0.00000, 0.00000
0.00000, -0.02160, -0.99977
0.00000, 0.99977, -0.02160

  * 22 Vertex position / uv / normal / tangent / binormal [(float) * 14]
-0.97929, -1.09995, -5.23209
0.26677, 0.24378, 
1.00000, 0.00000, 0.00000
0.00000, -0.02160, -0.99977
0.00000, 0.99977, -0.02160

  * 23 Vertex position / uv / normal / tangent / binormal [(float) * 14]
-0.97929, -1.09995, -11.09707
0.37735, 0.24617, 
1.00000, 0.00000, 0.00000
0.00000, -0.02160, -0.99977
0.00000, 0.99977, -0.02160

  * 24 Vertex position / uv / normal / tangent / binormal [(float) * 14]
-7.28365, -1.09995, -5.23209
0.60680, 0.25112, 
-0.19353, -0.98109, -0.00000
0.04493, -0.00886, 0.99895
-0.98006, 0.19333, 0.04580

  * 25 Vertex position / uv / normal / tangent / binormal [(float) * 14]
-7.28365, -1.09995, -11.09707
0.49622, 0.24874, 
-0.19353, -0.98109, -0.00000
0.04493, -0.00886, 0.99895
-0.98006, 0.19333, 0.04580

  * 26 Vertex position / uv / normal / tangent / binormal [(float) * 14]
-5.39709, -1.47210, -9.10579
0.60721, 0.23246, 
-0.19353, -0.98109, -0.00000
0.04493, -0.00886, 0.99895
-0.98006, 0.19333, 0.04580

  * 27 Vertex position / uv / normal / tangent / binormal [(float) * 14]
-5.39709, -1.47210, -9.10579
0.60721, 0.23246, 
-0.19353, -0.98109, -0.00000
0.12167, -0.02400, 0.99228
-0.97352, 0.19204, 0.12402

  * 28 Vertex position / uv / normal / tangent / binormal [(float) * 14]
-7.28365, -1.09995, -11.09707
0.49622, 0.24874, 
-0.19353, -0.98109, -0.00000
0.12167, -0.02400, 0.99228
-0.97352, 0.19204, 0.12402

  * 29 Vertex position / uv / normal / tangent / binormal [(float) * 14]
-5.39709, -1.47210, -11.07207
0.49662, 0.23007, 
-0.19353, -0.98109, -0.00000
0.12167, -0.02400, 0.99228
-0.97352, 0.19204, 0.12402

  * 30 Vertex position / uv / normal / tangent / binormal [(float) * 14]
-5.39709, -1.47210, -9.10579
0.49253, 0.41946, 
-0.00000, -0.99542, 0.09563
-0.98209, 0.01802, 0.18757
-0.18844, -0.09392, -0.97758

  * 31 Vertex position / uv / normal / tangent / binormal [(float) * 14]
-2.86585, -1.47210, -9.10579
0.37367, 0.41689, 
-0.00000, -0.99542, 0.09563
-0.98209, 0.01802, 0.18757
-0.18844, -0.09392, -0.97758

  * 32 Vertex position / uv / normal / tangent / binormal [(float) * 14]
-7.28365, -1.09995, -5.23209
0.49294, 0.40080, 
-0.00000, -0.99542, 0.09563
-0.98209, 0.01802, 0.18757
-0.18844, -0.09392, -0.97758

  * 33 Vertex position / uv / normal / tangent / binormal [(float) * 14]
-7.28365, -1.09995, -5.23209
0.49294, 0.40080, 
-0.00000, -0.99542, 0.09563
-0.99610, 0.00844, 0.08784
-0.08824, -0.09526, -0.99153

  * 34 Vertex position / uv / normal / tangent / binormal [(float) * 14]
-2.86585, -1.47210, -9.10579
0.37367, 0.41689, 
-0.00000, -0.99542, 0.09563
-0.99610, 0.00844, 0.08784
-0.08824, -0.09526, -0.99153

  * 35 Vertex position / uv / normal / tangent / binormal [(float) * 14]
-0.97929, -1.09995, -5.23209
0.37407, 0.39823, 
-0.00000, -0.99542, 0.09563
-0.99610, 0.00844, 0.08784
-0.08824, -0.09526, -0.99153

  * 36 Vertex position / uv / normal / tangent / binormal [(float) * 14]
-0.97929, -1.09995, -5.23209
0.26677, 0.24378, 
0.19353, -0.98109, 0.00000
-0.03794, -0.00748, -0.99925
0.98036, 0.19339, -0.03867

  * 37 Vertex position / uv / normal / tangent / binormal [(float) * 14]
-2.86585, -1.47210, -9.10579
0.26718, 0.22511, 
0.19353, -0.98109, 0.00000
-0.03794, -0.00748, -0.99925
0.98036, 0.19339, -0.03867

  * 38 Vertex position / uv / normal / tangent / binormal [(float) * 14]
-0.97929, -1.09995, -11.09707
0.37735, 0.24617, 
0.19353, -0.98109, 0.00000
-0.03794, -0.00748, -0.99925
0.98036, 0.19339, -0.03867

  * 39 Vertex position / uv / normal / tangent / binormal [(float) * 14]
-0.97929, -1.09995, -11.09707
0.37735, 0.24617, 
0.19353, -0.98109, 0.00000
-0.12207, -0.02408, -0.99223
0.97347, 0.19203, -0.12442

  * 40 Vertex position / uv / normal / tangent / binormal [(float) * 14]
-2.86585, -1.47210, -9.10579
0.26718, 0.22511, 
0.19353, -0.98109, 0.00000
-0.12207, -0.02408, -0.99223
0.97347, 0.19203, -0.12442

  * 41 Vertex position / uv / normal / tangent / binormal [(float) * 14]
-2.86585, -1.47210, -11.07207
0.37776, 0.22750, 
0.19353, -0.98109, 0.00000
-0.12207, -0.02408, -0.99223
0.97347, 0.19203, -0.12442

  * 42 Vertex position / uv / normal / tangent / binormal [(float) * 14]
-5.39709, -1.47210, -9.10579
0.60721, 0.23246, 
-1.00000, 0.00000, -0.00000
-0.00000, -0.06890, 0.99762
-0.00000, 0.99762, 0.06890

  * 43 Vertex position / uv / normal / tangent / binormal [(float) * 14]
-5.39709, -1.47210, -11.07207
0.49662, 0.23007, 
-1.00000, 0.00000, -0.00000
-0.00000, -0.06890, 0.99762
-0.00000, 0.99762, 0.06890

  * 44 Vertex position / uv / normal / tangent / binormal [(float) * 14]
-5.39709, -11.02032, -9.10579
0.61084, 0.06447, 
-1.00000, 0.00000, -0.00000
-0.00000, -0.06890, 0.99762
-0.00000, 0.99762, 0.06890

  * 45 Vertex position / uv / normal / tangent / binormal [(float) * 14]
-5.39709, -11.02032, -9.10579
0.61084, 0.06447, 
-1.00000, 0.00000, -0.00000
-0.00000, -0.06890, 0.99762
-0.00000, 0.99762, 0.06890

  * 46 Vertex position / uv / normal / tangent / binormal [(float) * 14]
-5.39709, -1.47210, -11.07207
0.49662, 0.23007, 
-1.00000, 0.00000, -0.00000
-0.00000, -0.06890, 0.99762
-0.00000, 0.99762, 0.06890

  * 47 Vertex position / uv / normal / tangent / binormal [(float) * 14]
-5.39709, -11.02032, -11.07207
0.50025, 0.06208, 
-1.00000, 0.00000, -0.00000
-0.00000, -0.06890, 0.99762
-0.00000, 0.99762, 0.06890

  * 48 Vertex position / uv / normal / tangent / binormal [(float) * 14]
-2.86585, -11.02032, -9.10579
0.37004, 0.58488, 
-0.00000, 0.00000, 1.00000
-0.99834, 0.05758, -0.00000
-0.05758, -0.99834, -0.00000

  * 49 Vertex position / uv / normal / tangent / binormal [(float) * 14]
-2.86585, -1.47210, -9.10579
0.37367, 0.41689, 
-0.00000, 0.00000, 1.00000
-0.99834, 0.05758, -0.00000
-0.05758, -0.99834, -0.00000

  * 50 Vertex position / uv / normal / tangent / binormal [(float) * 14]
-5.39709, -11.02032, -9.10579
0.48890, 0.58745, 
-0.00000, 0.00000, 1.00000
-0.99834, 0.05758, -0.00000
-0.05758, -0.99834, -0.00000

  * 51 Vertex position / uv / normal / tangent / binormal [(float) * 14]
-5.39709, -11.02032, -9.10579
0.48890, 0.58745, 
-0.00000, 0.00000, 1.00000
-0.99834, 0.05758, -0.00000
-0.05758, -0.99834, -0.00000

  * 52 Vertex position / uv / normal / tangent / binormal [(float) * 14]
-2.86585, -1.47210, -9.10579
0.37367, 0.41689, 
-0.00000, 0.00000, 1.00000
-0.99834, 0.05758, -0.00000
-0.05758, -0.99834, -0.00000

  * 53 Vertex position / uv / normal / tangent / binormal [(float) * 14]
-5.39709, -1.47210, -9.10579
0.49253, 0.41946, 
-0.00000, 0.00000, 1.00000
-0.99834, 0.05758, -0.00000
-0.05758, -0.99834, -0.00000

  * 54 Vertex position / uv / normal / tangent / binormal [(float) * 14]
-2.86585, -1.47210, -11.07207
0.37776, 0.22750, 
1.00000, -0.00000, 0.00000
-0.00000, -0.06890, -0.99762
0.00000, 0.99762, -0.06890

  * 55 Vertex position / uv / normal / tangent / binormal [(float) * 14]
-2.86585, -1.47210, -9.10579
0.26718, 0.22511, 
1.00000, -0.00000, 0.00000
-0.00000, -0.06890, -0.99762
0.00000, 0.99762, -0.06890

  * 56 Vertex position / uv / normal / tangent / binormal [(float) * 14]
-2.86585, -11.02032, -11.07207
0.38139, 0.05951, 
1.00000, -0.00000, 0.00000
-0.00000, -0.06890, -0.99762
0.00000, 0.99762, -0.06890

  * 57 Vertex position / uv / normal / tangent / binormal [(float) * 14]
-2.86585, -11.02032, -11.07207
0.38139, 0.05951, 
1.00000, -0.00000, 0.00000
-0.00000, -0.06890, -0.99762
0.00000, 0.99762, -0.06890

  * 58 Vertex position / uv / normal / tangent / binormal [(float) * 14]
-2.86585, -1.47210, -9.10579
0.26718, 0.22511, 
1.00000, -0.00000, 0.00000
-0.00000, -0.06890, -0.99762
0.00000, 0.99762, -0.06890

  * 59 Vertex position / uv / normal / tangent / binormal [(float) * 14]
-2.86585, -11.02032, -9.10579
0.27081, 0.05712, 
1.00000, 0.00000, 0.00000
0.00000, -0.06890, -0.99762
0.00000, 0.99762, -0.06890


    //v Mesh 3 Header  --------------------

  # Mesh name [(char) * 256]: 
switch1
  # Material count [(int)]: 
1
  # Vertex count [(int)]: 
36
    //^ Mesh 3 Header  --------------------

  * 0 Vertex position / uv / normal / tangent / binormal [(float) * 14]
11.02761, -0.09149, 0.47946
0.37500, 0.00000, 
0.00000, 0.00000, -1.00000
-1.00000, 0.00000, -0.00000
0.00000, 1.00000, 0.00000

  * 1 Vertex position / uv / normal / tangent / binormal [(float) * 14]
10.02762, -0.09149, 0.47946
0.62500, 0.00000, 
0.00000, 0.00000, -1.00000
-1.00000, 0.00000, -0.00000
0.00000, 1.00000, 0.00000

  * 2 Vertex position / uv / normal / tangent / binormal [(float) * 14]
11.02761, 0.90851, 0.47946
0.37500, 0.25000, 
0.00000, 0.00000, -1.00000
-1.00000, 0.00000, -0.00000
0.00000, 1.00000, 0.00000

  * 3 Vertex position / uv / normal / tangent / binormal [(float) * 14]
11.02761, 0.90851, 0.47946
0.37500, 0.25000, 
0.00000, 0.00000, -1.00000
-1.00000, 0.00000, -0.00000
0.00000, 1.00000, 0.00000

  * 4 Vertex position / uv / normal / tangent / binormal [(float) * 14]
10.02762, -0.09149, 0.47946
0.62500, 0.00000, 
0.00000, 0.00000, -1.00000
-1.00000, 0.00000, -0.00000
0.00000, 1.00000, 0.00000

  * 5 Vertex position / uv / normal / tangent / binormal [(float) * 14]
10.02762, 0.90851, 0.47946
0.62500, 0.25000, 
0.00000, 0.00000, -1.00000
-1.00000, 0.00000, -0.00000
0.00000, 1.00000, 0.00000

  * 6 Vertex position / uv / normal / tangent / binormal [(float) * 14]
11.02761, 0.90851, 0.47946
0.37500, 0.25000, 
0.00000, 1.00000, 0.00000
-1.00000, 0.00000, 0.00000
0.00000, -0.00000, 1.00000

  * 7 Vertex position / uv / normal / tangent / binormal [(float) * 14]
10.02762, 0.90851, 0.47946
0.62500, 0.25000, 
0.00000, 1.00000, 0.00000
-1.00000, 0.00000, 0.00000
0.00000, -0.00000, 1.00000

  * 8 Vertex position / uv / normal / tangent / binormal [(float) * 14]
11.02761, 0.90851, 0.93356
0.37500, 0.50000, 
0.00000, 1.00000, 0.00000
-1.00000, 0.00000, 0.00000
0.00000, -0.00000, 1.00000

  * 9 Vertex position / uv / normal / tangent / binormal [(float) * 14]
11.02761, 0.90851, 0.93356
0.37500, 0.50000, 
0.00000, 1.00000, 0.00000
-1.00000, 0.00000, -0.00000
-0.00000, 0.00000, 1.00000

  * 10 Vertex position / uv / normal / tangent / binormal [(float) * 14]
10.02762, 0.90851, 0.47946
0.62500, 0.25000, 
0.00000, 1.00000, 0.00000
-1.00000, 0.00000, -0.00000
-0.00000, 0.00000, 1.00000

  * 11 Vertex position / uv / normal / tangent / binormal [(float) * 14]
10.02762, 0.90851, 0.93356
0.62500, 0.50000, 
0.00000, 1.00000, 0.00000
-1.00000, 0.00000, -0.00000
-0.00000, 0.00000, 1.00000

  * 12 Vertex position / uv / normal / tangent / binormal [(float) * 14]
11.02761, 0.90851, 0.93356
0.37500, 0.50000, 
-0.00000, 0.00000, 1.00000
-1.00000, 0.00000, -0.00000
-0.00000, -1.00000, 0.00000

  * 13 Vertex position / uv / normal / tangent / binormal [(float) * 14]
10.02762, 0.90851, 0.93356
0.62500, 0.50000, 
-0.00000, 0.00000, 1.00000
-1.00000, 0.00000, -0.00000
-0.00000, -1.00000, 0.00000

  * 14 Vertex position / uv / normal / tangent / binormal [(float) * 14]
11.02761, -0.09149, 0.93356
0.37500, 0.75000, 
-0.00000, 0.00000, 1.00000
-1.00000, 0.00000, -0.00000
-0.00000, -1.00000, 0.00000

  * 15 Vertex position / uv / normal / tangent / binormal [(float) * 14]
11.02761, -0.09149, 0.93356
0.37500, 0.75000, 
-0.00000, 0.00000, 1.00000
-1.00000, 0.00000, -0.00000
-0.00000, -1.00000, 0.00000

  * 16 Vertex position / uv / normal / tangent / binormal [(float) * 14]
10.02762, 0.90851, 0.93356
0.62500, 0.50000, 
-0.00000, 0.00000, 1.00000
-1.00000, 0.00000, -0.00000
-0.00000, -1.00000, 0.00000

  * 17 Vertex position / uv / normal / tangent / binormal [(float) * 14]
10.02762, -0.09149, 0.93356
0.62500, 0.75000, 
-0.00000, 0.00000, 1.00000
-1.00000, 0.00000, -0.00000
-0.00000, -1.00000, 0.00000

  * 18 Vertex position / uv / normal / tangent / binormal [(float) * 14]
11.02761, -0.09149, 0.93356
0.37500, 0.75000, 
0.00000, -1.00000, -0.00000
-1.00000, 0.00000, 0.00000
0.00000, 0.00000, -1.00000

  * 19 Vertex position / uv / normal / tangent / binormal [(float) * 14]
10.02762, -0.09149, 0.93356
0.62500, 0.75000, 
0.00000, -1.00000, -0.00000
-1.00000, 0.00000, 0.00000
0.00000, 0.00000, -1.00000

  * 20 Vertex position / uv / normal / tangent / binormal [(float) * 14]
11.02761, -0.09149, 0.47946
0.37500, 1.00000, 
0.00000, -1.00000, -0.00000
-1.00000, 0.00000, 0.00000
0.00000, 0.00000, -1.00000

  * 21 Vertex position / uv / normal / tangent / binormal [(float) * 14]
11.02761, -0.09149, 0.47946
0.37500, 1.00000, 
0.00000, -1.00000, -0.00000
-1.00000, 0.00000, 0.00000
0.00000, 0.00000, -1.00000

  * 22 Vertex position / uv / normal / tangent / binormal [(float) * 14]
10.02762, -0.09149, 0.93356
0.62500, 0.75000, 
0.00000, -1.00000, -0.00000
-1.00000, 0.00000, 0.00000
0.00000, 0.00000, -1.00000

  * 23 Vertex position / uv / normal / tangent / binormal [(float) * 14]
10.02762, -0.09149, 0.47946
0.62500, 1.00000, 
0.00000, -1.00000, -0.00000
-1.00000, 0.00000, 0.00000
0.00000, 0.00000, -1.00000

  * 24 Vertex position / uv / normal / tangent / binormal [(float) * 14]
10.02762, -0.09149, 0.47946
0.62500, 0.00000, 
-1.00000, 0.00000, -0.00000
-0.00000, 0.00000, 1.00000
0.00000, 1.00000, 0.00000

  * 25 Vertex position / uv / normal / tangent / binormal [(float) * 14]
10.02762, -0.09149, 0.93356
0.87500, 0.00000, 
-1.00000, 0.00000, -0.00000
-0.00000, 0.00000, 1.00000
0.00000, 1.00000, 0.00000

  * 26 Vertex position / uv / normal / tangent / binormal [(float) * 14]
10.02762, 0.90851, 0.47946
0.62500, 0.25000, 
-1.00000, 0.00000, -0.00000
-0.00000, 0.00000, 1.00000
0.00000, 1.00000, 0.00000

  * 27 Vertex position / uv / normal / tangent / binormal [(float) * 14]
10.02762, 0.90851, 0.47946
0.62500, 0.25000, 
-1.00000, 0.00000, -0.00000
-0.00000, 0.00000, 1.00000
0.00000, 1.00000, 0.00000

  * 28 Vertex position / uv / normal / tangent / binormal [(float) * 14]
10.02762, -0.09149, 0.93356
0.87500, 0.00000, 
-1.00000, 0.00000, -0.00000
-0.00000, 0.00000, 1.00000
0.00000, 1.00000, 0.00000

  * 29 Vertex position / uv / normal / tangent / binormal [(float) * 14]
10.02762, 0.90851, 0.93356
0.87500, 0.25000, 
-1.00000, 0.00000, -0.00000
-0.00000, 0.00000, 1.00000
0.00000, 1.00000, 0.00000

  * 30 Vertex position / uv / normal / tangent / binormal [(float) * 14]
11.02761, -0.09149, 0.93356
0.12500, 0.00000, 
1.00000, 0.00000, 0.00000
0.00000, 0.00000, -1.00000
-0.00000, 1.00000, 0.00000

  * 31 Vertex position / uv / normal / tangent / binormal [(float) * 14]
11.02761, -0.09149, 0.47946
0.37500, 0.00000, 
1.00000, 0.00000, 0.00000
0.00000, 0.00000, -1.00000
-0.00000, 1.00000, 0.00000

  * 32 Vertex position / uv / normal / tangent / binormal [(float) * 14]
11.02761, 0.90851, 0.93356
0.12500, 0.25000, 
1.00000, 0.00000, 0.00000
0.00000, 0.00000, -1.00000
-0.00000, 1.00000, 0.00000

  * 33 Vertex position / uv / normal / tangent / binormal [(float) * 14]
11.02761, 0.90851, 0.93356
0.12500, 0.25000, 
1.00000, 0.00000, 0.00000
0.00000, 0.00000, -1.00000
-0.00000, 1.00000, 0.00000

  * 34 Vertex position / uv / normal / tangent / binormal [(float) * 14]
11.02761, -0.09149, 0.47946
0.37500, 0.00000, 
1.00000, 0.00000, 0.00000
0.00000, 0.00000, -1.00000
-0.00000, 1.00000, 0.00000

  * 35 Vertex position / uv / normal / tangent / binormal [(float) * 14]
11.02761, 0.90851, 0.47946
0.37500, 0.25000, 
1.00000, 0.00000, 0.00000
0.00000, 0.00000, -1.00000
-0.00000, 1.00000, 0.00000


    //v Mesh 4 Header  --------------------

  # Mesh name [(char) * 256]: 
doorRight
  # Material count [(int)]: 
1
  # Vertex count [(int)]: 
36
    //^ Mesh 4 Header  --------------------

  * 0 Vertex position / uv / normal / tangent / binormal [(float) * 14]
-3.25784, -0.13147, -10.86529
0.47862, 0.09561, 
-0.65682, 0.00000, -0.75405
-0.75405, 0.00223, 0.65681
0.00168, 1.00000, -0.00146

  * 1 Vertex position / uv / normal / tangent / binormal [(float) * 14]
-3.42242, -0.13147, -10.72193
0.50518, 0.09555, 
-0.65682, 0.00000, -0.75405
-0.75405, 0.00223, 0.65681
0.00168, 1.00000, -0.00146

  * 2 Vertex position / uv / normal / tangent / binormal [(float) * 14]
-3.25784, 2.22473, -10.86529
0.47926, 0.38231, 
-0.65683, 0.00000, -0.75404
-0.75404, 0.00223, 0.65682
0.00168, 1.00000, -0.00146

  * 3 Vertex position / uv / normal / tangent / binormal [(float) * 14]
-3.25784, 2.22473, -10.86529
0.47926, 0.38231, 
-0.65683, 0.00000, -0.75404
-0.75404, 0.00223, 0.65682
0.00168, 1.00000, -0.00146

  * 4 Vertex position / uv / normal / tangent / binormal [(float) * 14]
-3.42242, -0.13147, -10.72193
0.50518, 0.09555, 
-0.65682, 0.00000, -0.75405
-0.75405, 0.00223, 0.65681
0.00168, 1.00000, -0.00146

  * 5 Vertex position / uv / normal / tangent / binormal [(float) * 14]
-3.42242, 2.22473, -10.72193
0.50582, 0.38225, 
-0.65683, 0.00000, -0.75404
-0.75404, 0.00223, 0.65682
0.00168, 1.00000, -0.00146

  * 6 Vertex position / uv / normal / tangent / binormal [(float) * 14]
-3.25784, 2.22473, -10.86529
0.47926, 0.38231, 
-0.00000, 1.00000, -0.00000
-0.75277, 0.00000, 0.65828
0.65828, 0.00000, 0.75277

  * 7 Vertex position / uv / normal / tangent / binormal [(float) * 14]
-3.42242, 2.22473, -10.72193
0.50582, 0.38225, 
-0.00000, 1.00000, -0.00000
-0.75277, 0.00000, 0.65828
0.65828, 0.00000, 0.75277

  * 8 Vertex position / uv / normal / tangent / binormal [(float) * 14]
-2.71698, 2.22473, -10.23531
0.48074, 0.49834, 
0.00000, 1.00000, 0.00000
-0.75277, -0.00000, 0.65828
0.65828, -0.00000, 0.75277

  * 9 Vertex position / uv / normal / tangent / binormal [(float) * 14]
-2.71698, 2.22473, -10.23531
0.48074, 0.49834, 
0.00000, 1.00000, 0.00000
-0.75278, -0.00000, 0.65828
0.65828, -0.00000, 0.75278

  * 10 Vertex position / uv / normal / tangent / binormal [(float) * 14]
-3.42242, 2.22473, -10.72193
0.50582, 0.38225, 
-0.00000, 1.00000, -0.00000
-0.75278, 0.00000, 0.65828
0.65828, 0.00000, 0.75278

  * 11 Vertex position / uv / normal / tangent / binormal [(float) * 14]
-2.88156, 2.22473, -10.09195
0.50729, 0.49829, 
0.00000, 1.00000, 0.00000
-0.75278, -0.00000, 0.65828
0.65828, -0.00000, 0.75278

  * 12 Vertex position / uv / normal / tangent / binormal [(float) * 14]
-2.71698, 2.22473, -10.23531
0.48074, 0.49834, 
0.65682, 0.00000, 0.75405
-0.75405, -0.00223, 0.65681
0.00168, -1.00000, -0.00147

  * 13 Vertex position / uv / normal / tangent / binormal [(float) * 14]
-2.88156, 2.22473, -10.09195
0.50729, 0.49829, 
0.65682, 0.00000, 0.75405
-0.75405, -0.00223, 0.65681
0.00168, -1.00000, -0.00147

  * 14 Vertex position / uv / normal / tangent / binormal [(float) * 14]
-2.71698, -0.13147, -10.23531
0.48138, 0.78505, 
0.65682, 0.00000, 0.75405
-0.75405, -0.00223, 0.65681
0.00168, -1.00000, -0.00147

  * 15 Vertex position / uv / normal / tangent / binormal [(float) * 14]
-2.71698, -0.13147, -10.23531
0.48138, 0.78505, 
0.65682, 0.00000, 0.75405
-0.75405, -0.00224, 0.65681
0.00169, -1.00000, -0.00147

  * 16 Vertex position / uv / normal / tangent / binormal [(float) * 14]
-2.88156, 2.22473, -10.09195
0.50729, 0.49829, 
0.65682, 0.00000, 0.75405
-0.75405, -0.00224, 0.65681
0.00169, -1.00000, -0.00147

  * 17 Vertex position / uv / normal / tangent / binormal [(float) * 14]
-2.88156, -0.13147, -10.09195
0.50793, 0.78499, 
0.65682, 0.00000, 0.75405
-0.75405, -0.00224, 0.65681
0.00169, -1.00000, -0.00147

  * 18 Vertex position / uv / normal / tangent / binormal [(float) * 14]
-2.88156, -0.13147, -10.09195
0.50793, 0.78499, 
0.00000, -1.00000, 0.00000
-0.75533, 0.00000, 0.65534
-0.65534, -0.00000, -0.75533

  * 19 Vertex position / uv / normal / tangent / binormal [(float) * 14]
-3.42242, -0.13147, -10.72193
0.50698, 0.90103, 
0.00000, -1.00000, 0.00000
-0.75533, 0.00000, 0.65534
-0.65534, -0.00000, -0.75533

  * 20 Vertex position / uv / normal / tangent / binormal [(float) * 14]
-2.71698, -0.13147, -10.23531
0.48138, 0.78505, 
0.00000, -1.00000, 0.00000
-0.75533, 0.00000, 0.65534
-0.65534, -0.00000, -0.75533

  * 21 Vertex position / uv / normal / tangent / binormal [(float) * 14]
-2.71698, -0.13147, -10.23531
0.48138, 0.78505, 
0.00000, -1.00000, 0.00000
-0.75533, 0.00000, 0.65534
-0.65534, -0.00000, -0.75533

