  //v File Header --------------------
  # Mesh count
36
  # Mesh Group count
0
  # Material count
10
  # Point Light count
4
  # Directional count
1
  //^ File Header --------------------

    //v Mesh 0 Header  --------------------

  # Mesh name: 
door
  # Material ID : 
0
  * Translation vector: 
6.8961663246, 2.0887961388, 0.2386719137
  * Rotation vector: 
0.0000000000, -90.0000000000, 0.0000000000
  * Scale vector: 
1.0000000000, 1.0000000000, 1.0000000000
  # Is child: 
0
  # Parent Name: 
RootNode
  # Parent type: 
-1
  # Attribute type: 
9
  # Attribute link: 
0
  # Vertex count: 
4788
    //^ Mesh 0 Header  --------------------

  * 0 Vertex position / uv / normal / tangent / binormal 
-0.1637945175, -0.4261455536, -0.3220767975
0.0000000000, 0.1000000015, 
0.0288235284, 0.0396710299, -0.9987969995
-0.8090024590, 0.5878052711, 0.0000005357
0.5870981216, 0.8080292344, 0.0490365848

  * 1 Vertex position / uv / normal / tangent / binormal 
-0.1760973930, -0.4172065258, -0.3220767975
0.1000000015, 0.1000000015, 
0.0288235284, 0.0396710336, -0.9987969995
-0.8090024590, 0.5878052711, 0.0000005379
0.5870981216, 0.8080292344, 0.0490365848

  * 2 Vertex position / uv / normal / tangent / binormal 
-0.0981836319, -0.3784763813, -0.3182898760
0.0000000000, 0.2000000030, 
0.0288235284, 0.0396710336, -0.9987969995
-0.8090024590, 0.5878052711, 0.0000005379
0.5870981216, 0.8080292344, 0.0490365848

  * 3 Vertex position / uv / normal / tangent / binormal 
-0.0981836319, -0.3784763813, -0.3182898760
0.0000000000, 0.2000000030, 
0.0288235284, 0.0396710336, -0.9987969995
-0.8090193868, 0.5877819657, -0.0000008776
0.5870748162, 0.8080461621, 0.0490365848

  * 4 Vertex position / uv / normal / tangent / binormal 
-0.1760973930, -0.4172065258, -0.3220767975
0.1000000015, 0.1000000015, 
0.0288235284, 0.0396710336, -0.9987969995
-0.8090193868, 0.5877819657, -0.0000008776
0.5870748162, 0.8080461621, 0.0490365848

  * 5 Vertex position / uv / normal / tangent / binormal 
-0.1510367393, -0.3400766850, -0.3182898760
0.1000000015, 0.2000000030, 
0.0288235322, 0.0396710373, -0.9987970591
-0.8090193868, 0.5877819657, -0.0000008784
0.5870748162, 0.8080461621, 0.0490365922

  * 6 Vertex position / uv / normal / tangent / binormal 
-0.1760973930, -0.4172065258, -0.3220767975
0.1000000015, 0.1000000015, 
0.0000000000, 0.0490340255, -0.9987971783
-1.0000000000, 0.0000000000, -0.0000000000
0.0000000000, 0.9987971783, 0.0490340255

  * 7 Vertex position / uv / normal / tangent / binormal 
-0.1913051605, -0.4172065258, -0.3220767975
0.2000000030, 0.1000000015, 
0.0000000000, 0.0490340292, -0.9987971783
-1.0000000000, 0.0000000000, -0.0000000000
0.0000000000, 0.9987971783, 0.0490340292

  * 8 Vertex position / uv / normal / tangent / binormal 
-0.1510367393, -0.3400766850, -0.3182898760
0.1000000015, 0.2000000030, 
0.0000000000, 0.0490340292, -0.9987971783
-1.0000000000, 0.0000000000, -0.0000000000
0.0000000000, 0.9987971783, 0.0490340292

  * 9 Vertex position / uv / normal / tangent / binormal 
-0.1510367393, -0.3400766850, -0.3182898760
0.1000000015, 0.2000000030, 
0.0000000000, 0.0490340292, -0.9987971783
-1.0000000000, 0.0000000000, -0.0000000000
0.0000000000, 0.9987971783, 0.0490340292

  * 10 Vertex position / uv / normal / tangent / binormal 
-0.1913051605, -0.4172065258, -0.3220767975
0.2000000030, 0.1000000015, 
0.0000000000, 0.0490340292, -0.9987971783
-1.0000000000, 0.0000000000, -0.0000000000
0.0000000000, 0.9987971783, 0.0490340292

  * 11 Vertex position / uv / normal / tangent / binormal 
-0.2163658142, -0.3400766850, -0.3182898760
0.2000000030, 0.2000000030, 
0.0000000000, 0.0490340255, -0.9987971783
-1.0000000000, 0.0000000000, -0.0000000000
0.0000000000, 0.9987971783, 0.0490340255

  * 12 Vertex position / uv / normal / tangent / binormal 
-0.1913051605, -0.4172065258, -0.3220767975
0.2000000030, 0.1000000015, 
-0.0288236644, 0.0396709703, -0.9987969995
-0.8090099096, -0.5877950191, 0.0000002304
-0.5870879292, 0.8080366850, 0.0490366146

  * 13 Vertex position / uv / normal / tangent / binormal 
-0.2036080360, -0.4261453152, -0.3220767975
0.3000000119, 0.1000000015, 
-0.0288236625, 0.0396709628, -0.9987969995
-0.8090099096, -0.5877950191, 0.0000002333
-0.5870879292, 0.8080366850, 0.0490366071

  * 14 Vertex position / uv / normal / tangent / binormal 
-0.2163658142, -0.3400766850, -0.3182898760
0.2000000030, 0.2000000030, 
-0.0288236663, 0.0396709703, -0.9987969995
-0.8090099096, -0.5877950191, 0.0000002319
-0.5870879292, 0.8080366850, 0.0490366146

  * 15 Vertex position / uv / normal / tangent / binormal 
-0.2163658142, -0.3400766850, -0.3182898760
0.2000000030, 0.2000000030, 
-0.0288236663, 0.0396709703, -0.9987969995
-0.8090193868, -0.5877819657, 0.0000010261
-0.5870748162, 0.8080461621, 0.0490366146

  * 16 Vertex position / uv / normal / tangent / binormal 
-0.2036080360, -0.4261453152, -0.3220767975
0.3000000119, 0.1000000015, 
-0.0288236625, 0.0396709628, -0.9987969995
-0.8090193868, -0.5877819657, 0.0000010275
-0.5870748162, 0.8080461621, 0.0490366071

  * 17 Vertex position / uv / normal / tangent / binormal 
-0.2692189217, -0.3784763813, -0.3182898760
0.3000000119, 0.2000000030, 
-0.0288236663, 0.0396709703, -0.9987969995
-0.8090193868, -0.5877819657, 0.0000010261
-0.5870748162, 0.8080461621, 0.0490366146

  * 18 Vertex position / uv / normal / tangent / binormal 
-0.2036080360, -0.4261453152, -0.3220767975
0.3000000119, 0.1000000015, 
-0.0466374680, 0.0151439933, -0.9987971783
-0.3090080619, -0.9510595202, 0.0000085252
-0.9499152303, 0.3086366951, 0.0490346141

  * 19 Vertex position / uv / normal / tangent / binormal 
-0.2083072662, -0.4406085014, -0.3220767975
0.4000000060, 0.1000000015, 
-0.0466374755, 0.0151439942, -0.9987971187
-0.3090080619, -0.9510595202, 0.0000085266
-0.9499152899, 0.3086367249, 0.0490346253

  * 20 Vertex position / uv / normal / tangent / binormal 
-0.2692189217, -0.3784763813, -0.3182898760
0.3000000119, 0.2000000030, 
-0.0466374755, 0.0151439942, -0.9987971187
-0.3090080619, -0.9510595202, 0.0000085266
-0.9499152899, 0.3086367249, 0.0490346253

  * 21 Vertex position / uv / normal / tangent / binormal 
-0.2692189217, -0.3784763813, -0.3182898760
0.3000000119, 0.2000000030, 
-0.0466374755, 0.0151439942, -0.9987971187
-0.3090152740, -0.9510570765, 0.0000088997
-0.9499129653, 0.3086439967, 0.0490346253

  * 22 Vertex position / uv / normal / tangent / binormal 
-0.2083072662, -0.4406085014, -0.3220767975
0.4000000060, 0.1000000015, 
-0.0466374755, 0.0151439942, -0.9987971187
-0.3090152740, -0.9510570765, 0.0000088997
-0.9499129653, 0.3086439967, 0.0490346253

  * 23 Vertex position / uv / normal / tangent / binormal 
-0.2894067764, -0.4406085014, -0.3182898760
0.4000000060, 0.2000000030, 
-0.0466374718, 0.0151439942, -0.9987971783
-0.3090152740, -0.9510570765, 0.0000088985
-0.9499129057, 0.3086439669, 0.0490346141

  * 24 Vertex position / uv / normal / tangent / binormal 
-0.2083072662, -0.4406085014, -0.3220767975
0.4000000060, 0.1000000015, 
-0.0466374718, -0.0151496967, -0.9987969995
0.3090083003, -0.9510593414, -0.0000031085
-0.9499151707, -0.3086367249, 0.0490363874

  * 25 Vertex position / uv / normal / tangent / binormal 
-0.2036080360, -0.4550716877, -0.3220767975
0.5000000000, 0.1000000015, 
-0.0466374718, -0.0151496949, -0.9987969995
0.3090083003, -0.9510593414, -0.0000031103
-0.9499151707, -0.3086367249, 0.0490363874

  * 26 Vertex position / uv / normal / tangent / binormal 
-0.2894067764, -0.4406085014, -0.3182898760
0.4000000060, 0.2000000030, 
-0.0466374755, -0.0151496995, -0.9987970591
0.3090083003, -0.9510593414, -0.0000031070
-0.9499152303, -0.3086367249, 0.0490363874

  * 27 Vertex position / uv / normal / tangent / binormal 
-0.2894067764, -0.4406085014, -0.3182898760
0.4000000060, 0.2000000030, 
-0.0466374755, -0.0151496995, -0.9987970591
0.3090220988, -0.9510548711, -0.0000038201
-0.9499107599, -0.3086505532, 0.0490363874

  * 28 Vertex position / uv / normal / tangent / binormal 
-0.2036080360, -0.4550716877, -0.3220767975
0.5000000000, 0.1000000015, 
-0.0466374718, -0.0151496949, -0.9987969995
0.3090220988, -0.9510548711, -0.0000038234
-0.9499107003, -0.3086505234, 0.0490363874

  * 29 Vertex position / uv / normal / tangent / binormal 
-0.2692184448, -0.5027406216, -0.3182898760
0.5000000000, 0.2000000030, 
-0.0466374643, -0.0151496967, -0.9987969995
0.3090220988, -0.9510548711, -0.0000038194
-0.9499107003, -0.3086505234, 0.0490363799

  * 30 Vertex position / uv / normal / tangent / binormal 
-0.2036080360, -0.4550716877, -0.3220767975
0.5000000000, 0.1000000015, 
-0.0288236700, -0.0396709815, -0.9987969995
0.8090099096, -0.5877950191, -0.0000002283
-0.5870879292, -0.8080366850, 0.0490366295

  * 31 Vertex position / uv / normal / tangent / binormal 
-0.1913051605, -0.4640104771, -0.3220767975
0.6000000238, 0.1000000015, 
-0.0288236681, -0.0396709777, -0.9987969995
0.8090099096, -0.5877950191, -0.0000002290
-0.5870879292, -0.8080366850, 0.0490366220

  * 32 Vertex position / uv / normal / tangent / binormal 
-0.2692184448, -0.5027406216, -0.3182898760
0.5000000000, 0.2000000030, 
-0.0288236737, -0.0396709815, -0.9987969995
0.8090099096, -0.5877950191, -0.0000002314
-0.5870879292, -0.8080366850, 0.0490366295

  * 33 Vertex position / uv / normal / tangent / binormal 
-0.2692184448, -0.5027406216, -0.3182898760
0.5000000000, 0.2000000030, 
-0.0288236737, -0.0396709815, -0.9987969995
0.8090168834, -0.5877854228, -0.0000008155
-0.5870782733, -0.8080436587, 0.0490366295

  * 34 Vertex position / uv / normal / tangent / binormal 
-0.1913051605, -0.4640104771, -0.3220767975
0.6000000238, 0.1000000015, 
-0.0288236681, -0.0396709777, -0.9987969995
0.8090168834, -0.5877854228, -0.0000008131
-0.5870782733, -0.8080436587, 0.0490366220

  * 35 Vertex position / uv / normal / tangent / binormal 
-0.2163658142, -0.5411403179, -0.3182898760
0.6000000238, 0.2000000030, 
-0.0288236737, -0.0396709852, -0.9987970591
0.8090168834, -0.5877854228, -0.0000008133
-0.5870782733, -0.8080436587, 0.0490366332

  * 36 Vertex position / uv / normal / tangent / binormal 
-0.1913051605, -0.4640104771, -0.3220767975
0.6000000238, 0.1000000015, 
0.0000000000, -0.0490425676, -0.9987967610
1.0000000000, 0.0000000000, 0.0000000000
0.0000000000, -0.9987967610, 0.0490425676

  * 37 Vertex position / uv / normal / tangent / binormal 
-0.1760973930, -0.4640104771, -0.3220767975
0.7000000477, 0.1000000015, 
0.0000000000, -0.0490425676, -0.9987967610
1.0000000000, 0.0000000000, 0.0000000000
0.0000000000, -0.9987967610, 0.0490425676

  * 38 Vertex position / uv / normal / tangent / binormal 
-0.2163658142, -0.5411403179, -0.3182898760
0.6000000238, 0.2000000030, 
0.0000000000, -0.0490425676, -0.9987967014
1.0000000000, 0.0000000000, 0.0000000000
0.0000000000, -0.9987967014, 0.0490425676

  * 39 Vertex position / uv / normal / tangent / binormal 
-0.2163658142, -0.5411403179, -0.3182898760
0.6000000238, 0.2000000030, 
0.0000000000, -0.0490425676, -0.9987967014
1.0000000000, 0.0000000000, 0.0000000000
0.0000000000, -0.9987967014, 0.0490425676

  * 40 Vertex position / uv / normal / tangent / binormal 
-0.1760973930, -0.4640104771, -0.3220767975
0.7000000477, 0.1000000015, 
0.0000000000, -0.0490425676, -0.9987967610
1.0000000000, 0.0000000000, 0.0000000000
0.0000000000, -0.9987967610, 0.0490425676

  * 41 Vertex position / uv / normal / tangent / binormal 
-0.1510362625, -0.5411403179, -0.3182898760
0.7000000477, 0.2000000030, 
0.0000000000, -0.0490425676, -0.9987967610
1.0000000000, 0.0000000000, 0.0000000000
0.0000000000, -0.9987967610, 0.0490425676

  * 42 Vertex position / uv / normal / tangent / binormal 
-0.1760973930, -0.4640104771, -0.3220767975
0.7000000477, 0.1000000015, 
0.0288236681, -0.0396681279, -0.9987971783
0.8090098500, 0.5877950788, 0.0000019021
0.5870879889, -0.8080368042, 0.0490343124

  * 43 Vertex position / uv / normal / tangent / binormal 
-0.1637945175, -0.4550716877, -0.3220767975
0.8000000715, 0.1000000015, 
0.0288236681, -0.0396681279, -0.9987971783
0.8090098500, 0.5877950788, 0.0000019021
0.5870879889, -0.8080368042, 0.0490343124

  * 44 Vertex position / uv / normal / tangent / binormal 
-0.1510362625, -0.5411403179, -0.3182898760
0.7000000477, 0.2000000030, 
0.0288236700, -0.0396681316, -0.9987971783
0.8090098500, 0.5877950788, 0.0000019015
0.5870879889, -0.8080368042, 0.0490343198

  * 45 Vertex position / uv / normal / tangent / binormal 
-0.1510362625, -0.5411403179, -0.3182898760
0.7000000477, 0.2000000030, 
0.0288236700, -0.0396681316, -0.9987971783
0.8090168238, 0.5877854824, 0.0000024855
0.5870783329, -0.8080437779, 0.0490343198

  * 46 Vertex position / uv / normal / tangent / binormal 
-0.1637945175, -0.4550716877, -0.3220767975
0.8000000715, 0.1000000015, 
0.0288236681, -0.0396681279, -0.9987971783
0.8090168238, 0.5877854824, 0.0000024862
0.5870783329, -0.8080437779, 0.0490343198

  * 47 Vertex position / uv / normal / tangent / binormal 
-0.0981836319, -0.5027406216, -0.3182898760
0.8000000715, 0.2000000030, 
0.0288236700, -0.0396681316, -0.9987971783
0.8090168238, 0.5877854824, 0.0000024855
0.5870783329, -0.8080437779, 0.0490343198

  * 48 Vertex position / uv / normal / tangent / binormal 
-0.1637945175, -0.4550716877, -0.3220767975
0.8000000715, 0.1000000015, 
0.0466374718, -0.0151611045, -0.9987968206
0.3090088069, 0.9510591626, -0.0000077279
0.9499149919, -0.3086366653, 0.0490399078

  * 49 Vertex position / uv / normal / tangent / binormal 
-0.1590952873, -0.4406085014, -0.3220767975
0.9000000954, 0.1000000015, 
0.0466374755, -0.0151611045, -0.9987968206
0.3090088069, 0.9510591626, -0.0000077267
0.9499149919, -0.3086366653, 0.0490399115

  * 50 Vertex position / uv / normal / tangent / binormal 
-0.0981836319, -0.5027406216, -0.3182898760
0.8000000715, 0.2000000030, 
0.0466374755, -0.0151611073, -0.9987968802
0.3090088069, 0.9510591626, -0.0000077294
0.9499150515, -0.3086366653, 0.0490399152

  * 51 Vertex position / uv / normal / tangent / binormal 
-0.0981836319, -0.5027406216, -0.3182898760
0.8000000715, 0.2000000030, 
0.0466374755, -0.0151611073, -0.9987968802
0.3090160191, 0.9510568380, -0.0000073562
0.9499127269, -0.3086438775, 0.0490399152

  * 52 Vertex position / uv / normal / tangent / binormal 
-0.1590952873, -0.4406085014, -0.3220767975
0.9000000954, 0.1000000015, 
0.0466374755, -0.0151611045, -0.9987968206
0.3090160191, 0.9510568380, -0.0000073536
0.9499126673, -0.3086438477, 0.0490399152

  * 53 Vertex position / uv / normal / tangent / binormal 
-0.0779957771, -0.4406085014, -0.3182898760
0.9000000954, 0.2000000030, 
0.0466374755, -0.0151611082, -0.9987968802
0.3090160191, 0.9510568380, -0.0000073571
0.9499127269, -0.3086438775, 0.0490399152

  * 54 Vertex position / uv / normal / tangent / binormal 
-0.1590952873, -0.4406085014, -0.3220767975
0.9000000954, 0.1000000015, 
0.0466375947, 0.0151610868, -0.9987968206
-0.3090134263, 0.9510577917, 0.0000074358
0.9499135017, 0.3086412549, 0.0490400195

  * 55 Vertex position / uv / normal / tangent / binormal 
-0.1637945175, -0.4261455536, -0.3220767975
1.0000001192, 0.1000000015, 
0.0466375947, 0.0151610859, -0.9987968206
-0.3090134263, 0.9510577917, 0.0000074349
0.9499135017, 0.3086412549, 0.0490400195

  * 56 Vertex position / uv / normal / tangent / binormal 
-0.0779957771, -0.4406085014, -0.3182898760
0.9000000954, 0.2000000030, 
0.0466375984, 0.0151610859, -0.9987968206
-0.3090134263, 0.9510577917, 0.0000074338
0.9499135017, 0.3086412549, 0.0490400195

  * 57 Vertex position / uv / normal / tangent / binormal 
-0.0779957771, -0.4406085014, -0.3182898760
0.9000000954, 0.2000000030, 
0.0466375984, 0.0151610859, -0.9987968206
-0.3090160191, 0.9510568380, 0.0000072979
0.9499126673, 0.3086438775, 0.0490400270

  * 58 Vertex position / uv / normal / tangent / binormal 
-0.1637945175, -0.4261455536, -0.3220767975
1.0000001192, 0.1000000015, 
0.0466375947, 0.0151610859, -0.9987968206
-0.3090160191, 0.9510568380, 0.0000072991
0.9499126673, 0.3086438775, 0.0490400232

  * 59 Vertex position / uv / normal / tangent / binormal 
-0.0981836319, -0.3784763813, -0.3182898760
1.0000001192, 0.2000000030, 
0.0466375984, 0.0151610859, -0.9987968206
-0.3090160191, 0.9510568380, 0.0000072979
0.9499126673, 0.3086438775, 0.0490400270

  * 60 Vertex position / uv / normal / tangent / binormal 
-0.0981836319, -0.3784763813, -0.3182898760
0.0000000000, 0.2000000030, 
0.5859133601, 0.8064405918, 0.0797437131
-0.8090171218, 0.5877852440, 0.0000003270
-0.0468719080, -0.0645142123, 0.9968153834

  * 61 Vertex position / uv / normal / tangent / binormal 
-0.1510367393, -0.3400766850, -0.3182898760
0.1000000015, 0.2000000030, 
0.5859133601, 0.8064407706, 0.0797437131
-0.8090171814, 0.5877851844, 0.0000003187
-0.0468719043, -0.0645142049, 0.9968154430

  * 62 Vertex position / uv / normal / tangent / binormal 
-0.0994467735, -0.3793942928, -0.2997285128
0.0000000000, 0.3000000119, 
0.5859133601, 0.8064405918, 0.0797437206
-0.8090171218, 0.5877852440, 0.0000003270
-0.0468719155, -0.0645142198, 0.9968153834

  * 63 Vertex position / uv / normal / tangent / binormal 
-0.0994467735, -0.3793942928, -0.2997285128
0.0000000000, 0.3000000119, 
0.5859133601, 0.8064405918, 0.0797437206
-0.8090170026, 0.5877852440, 0.0000000572
-0.0468721427, -0.0645140707, 0.9968155026

  * 64 Vertex position / uv / normal / tangent / binormal 
-0.1510367393, -0.3400766850, -0.3182898760
0.1000000015, 0.2000000030, 
0.5859133601, 0.8064407706, 0.0797437131
-0.8090171814, 0.5877851844, 0.0000000489
-0.0468721204, -0.0645140484, 0.9968154430

  * 65 Vertex position / uv / normal / tangent / binormal 
-0.1515188217, -0.3415617943, -0.2997285128
0.1000000015, 0.3000000119, 
0.5859133601, 0.8064407110, 0.0797437131
-0.8090170622, 0.5877851844, 0.0000000517
-0.0468721315, -0.0645140558, 0.9968154430

  * 66 Vertex position / uv / normal / tangent / binormal 
-0.1510367393, -0.3400766850, -0.3182898760
0.1000000015, 0.2000000030, 
-0.0000000000, 0.9968153834, 0.0797444284
-1.0000000000, -0.0000000000, -0.0000000000
0.0000000000, -0.0797444284, 0.9968153834

  * 67 Vertex position / uv / normal / tangent / binormal 
-0.2163658142, -0.3400766850, -0.3182898760
0.2000000030, 0.2000000030, 
-0.0000000000, 0.9968153834, 0.0797444284
-1.0000000000, -0.0000000000, -0.0000000000
0.0000000000, -0.0797444284, 0.9968153834

  * 68 Vertex position / uv / normal / tangent / binormal 
-0.1515188217, -0.3415617943, -0.2997285128
0.1000000015, 0.3000000119, 
-0.0000000000, 0.9968153834, 0.0797444284
-1.0000000000, -0.0000000000, -0.0000000000
0.0000000000, -0.0797444284, 0.9968153834

  * 69 Vertex position / uv / normal / tangent / binormal 
-0.1515188217, -0.3415617943, -0.2997285128
0.1000000015, 0.3000000119, 
-0.0000000000, 0.9968153834, 0.0797444284
-1.0000000000, -0.0000000000, -0.0000000000
0.0000000000, -0.0797444284, 0.9968153834

  * 70 Vertex position / uv / normal / tangent / binormal 
-0.2163658142, -0.3400766850, -0.3182898760
0.2000000030, 0.2000000030, 
-0.0000000000, 0.9968153834, 0.0797444284
-1.0000000000, -0.0000000000, -0.0000000000
0.0000000000, -0.0797444284, 0.9968153834

  * 71 Vertex position / uv / normal / tangent / binormal 
-0.2158837318, -0.3415617943, -0.2997285128
0.2000000030, 0.3000000119, 
-0.0000000000, 0.9968153834, 0.0797444284
-1.0000000000, -0.0000000000, -0.0000000000
0.0000000000, -0.0797444284, 0.9968153834

  * 72 Vertex position / uv / normal / tangent / binormal 
-0.2163658142, -0.3400766850, -0.3182898760
0.2000000030, 0.2000000030, 
-0.5859121680, 0.8064416051, 0.0797435045
-0.8090179563, -0.5877839327, -0.0000002026
0.0468717813, -0.0645140409, 0.9968154430

  * 73 Vertex position / uv / normal / tangent / binormal 
-0.2692189217, -0.3784763813, -0.3182898760
0.3000000119, 0.2000000030, 
-0.5859121680, 0.8064416051, 0.0797435045
-0.8090179563, -0.5877839327, -0.0000002026
0.0468717813, -0.0645140409, 0.9968154430

  * 74 Vertex position / uv / normal / tangent / binormal 
-0.2158837318, -0.3415617943, -0.2997285128
0.2000000030, 0.3000000119, 
-0.5859121084, 0.8064416051, 0.0797434971
-0.8090179563, -0.5877839327, -0.0000001988
0.0468717851, -0.0645140409, 0.9968155026

  * 75 Vertex position / uv / normal / tangent / binormal 
-0.2158837318, -0.3415617943, -0.2997285128
0.2000000030, 0.3000000119, 
-0.5859121084, 0.8064416051, 0.0797434971
-0.8090179563, -0.5877839327, 0.0000000710
0.0468720011, -0.0645138770, 0.9968155026

  * 76 Vertex position / uv / normal / tangent / binormal 
-0.2692189217, -0.3784763813, -0.3182898760
0.3000000119, 0.2000000030, 
-0.5859121680, 0.8064416051, 0.0797435045
-0.8090178967, -0.5877839923, 0.0000000672
0.0468720123, -0.0645138845, 0.9968155026

  * 77 Vertex position / uv / normal / tangent / binormal 
-0.2679557800, -0.3793942928, -0.2997285128
0.3000000119, 0.3000000119, 
-0.5859121680, 0.8064415455, 0.0797435045
-0.8090178967, -0.5877839923, 0.0000000644
0.0468720086, -0.0645138845, 0.9968154430

  * 78 Vertex position / uv / normal / tangent / binormal 
-0.2692189217, -0.3784763813, -0.3182898760
0.3000000119, 0.2000000030, 
-0.9480280876, 0.3080322742, 0.0797431171
-0.3090163469, -0.9510567188, 0.0000000548
0.0758402422, -0.0246418752, 0.9968155026

  * 79 Vertex position / uv / normal / tangent / binormal 
-0.2894067764, -0.4406085014, -0.3182898760
0.4000000060, 0.2000000030, 
-0.9480280876, 0.3080322742, 0.0797431171
-0.3090163469, -0.9510567188, 0.0000000548
0.0758402422, -0.0246418752, 0.9968155026

  * 80 Vertex position / uv / normal / tangent / binormal 
-0.2679557800, -0.3793942928, -0.2997285128
0.3000000119, 0.3000000119, 
-0.9480280876, 0.3080322444, 0.0797431171
-0.3090163171, -0.9510567188, 0.0000000526
0.0758402422, -0.0246418733, 0.9968155026

  * 81 Vertex position / uv / normal / tangent / binormal 
-0.2679557800, -0.3793942928, -0.2997285128
0.3000000119, 0.3000000119, 
-0.9480280876, 0.3080322444, 0.0797431171
-0.3090163171, -0.9510567188, -0.0000002092
0.0758401603, -0.0246421210, 0.9968155026

  * 82 Vertex position / uv / normal / tangent / binormal 
-0.2894067764, -0.4406085014, -0.3182898760
0.4000000060, 0.2000000030, 
-0.9480280876, 0.3080322742, 0.0797431171
-0.3090163469, -0.9510567188, -0.0000002070
0.0758401603, -0.0246421229, 0.9968155026

  * 83 Vertex position / uv / normal / tangent / binormal 
-0.2878456116, -0.4406085014, -0.2997285128
0.4000000060, 0.3000000119, 
-0.9480280876, 0.3080322444, 0.0797431096
-0.3090163171, -0.9510567188, -0.0000002092
0.0758401528, -0.0246421192, 0.9968155026

  * 84 Vertex position / uv / normal / tangent / binormal 
-0.2894067764, -0.4406085014, -0.3182898760
0.4000000060, 0.2000000030, 
-0.9480270743, -0.3080353439, 0.0797427073
0.3090194464, -0.9510557055, 0.0000002392
0.0758396834, 0.0246422738, 0.9968155026

  * 85 Vertex position / uv / normal / tangent / binormal 
-0.2692184448, -0.5027406216, -0.3182898760
0.5000000000, 0.2000000030, 
-0.9480270743, -0.3080353141, 0.0797427073
0.3090194166, -0.9510557055, 0.0000002414
0.0758396834, 0.0246422738, 0.9968155026

  * 86 Vertex position / uv / normal / tangent / binormal 
-0.2878456116, -0.4406085014, -0.2997285128
0.4000000060, 0.3000000119, 
-0.9480271339, -0.3080353439, 0.0797427073
0.3090194166, -0.9510557055, 0.0000002407
0.0758396834, 0.0246422719, 0.9968155026

  * 87 Vertex position / uv / normal / tangent / binormal 
-0.2878456116, -0.4406085014, -0.2997285128
0.4000000060, 0.3000000119, 
-0.9480271339, -0.3080353439, 0.0797427073
0.3090193868, -0.9510557652, -0.0000002313
0.0758398324, 0.0246418230, 0.9968155622

  * 88 Vertex position / uv / normal / tangent / binormal 
-0.2692184448, -0.5027406216, -0.3182898760
0.5000000000, 0.2000000030, 
-0.9480270743, -0.3080353141, 0.0797427073
0.3090193868, -0.9510557652, -0.0000002305
0.0758398399, 0.0246418286, 0.9968155622

  * 89 Vertex position / uv / normal / tangent / binormal 
-0.2679557800, -0.5018231869, -0.2997285128
0.5000000000, 0.3000000119, 
-0.9480270743, -0.3080353439, 0.0797427148
0.3090194166, -0.9510557055, -0.0000002328
0.0758398399, 0.0246418267, 0.9968155026

  * 90 Vertex position / uv / normal / tangent / binormal 
-0.2692184448, -0.5027406216, -0.3182898760
0.5000000000, 0.2000000030, 
-0.5859171152, -0.8064379692, 0.0797438771
0.8090143204, -0.5877889395, 0.0000003512
0.0468722843, 0.0645141453, 0.9968154430

  * 91 Vertex position / uv / normal / tangent / binormal 
-0.2163658142, -0.5411403179, -0.3182898760
0.6000000238, 0.2000000030, 
-0.5859171152, -0.8064379692, 0.0797438845
0.8090143204, -0.5877889395, 0.0000003512
0.0468722917, 0.0645141527, 0.9968154430

  * 92 Vertex position / uv / normal / tangent / binormal 
-0.2679557800, -0.5018231869, -0.2997285128
0.5000000000, 0.3000000119, 
-0.5859170556, -0.8064379692, 0.0797438696
0.8090143800, -0.5877888799, 0.0000003474
0.0468722805, 0.0645141378, 0.9968154430

  * 93 Vertex position / uv / normal / tangent / binormal 
-0.2679557800, -0.5018231869, -0.2997285128
0.5000000000, 0.3000000119, 
-0.5859170556, -0.8064379692, 0.0797438696
0.8090143800, -0.5877888799, 0.0000008950
0.0468718372, 0.0645144582, 0.9968154430

  * 94 Vertex position / uv / normal / tangent / binormal 
-0.2163658142, -0.5411403179, -0.3182898760
0.6000000238, 0.2000000030, 
-0.5859171152, -0.8064379692, 0.0797438845
0.8090144396, -0.5877889395, 0.0000008989
0.0468718447, 0.0645144731, 0.9968154430

  * 95 Vertex position / uv / normal / tangent / binormal 
-0.2158837318, -0.5396552086, -0.2997285128
0.6000000238, 0.3000000119, 
-0.5859170556, -0.8064379692, 0.0797438696
0.8090143800, -0.5877888799, 0.0000008950
0.0468718372, 0.0645144582, 0.9968154430

  * 96 Vertex position / uv / normal / tangent / binormal 
-0.2163658142, -0.5411403179, -0.3182898760
0.6000000238, 0.2000000030, 
-0.0000000000, -0.9968153834, 0.0797446892
1.0000000000, -0.0000000000, 0.0000000000
0.0000000000, 0.0797446892, 0.9968153834

  * 97 Vertex position / uv / normal / tangent / binormal 
-0.1510362625, -0.5411403179, -0.3182898760
0.7000000477, 0.2000000030, 
-0.0000000000, -0.9968153834, 0.0797446892
1.0000000000, -0.0000000000, 0.0000000000
0.0000000000, 0.0797446892, 0.9968153834

  * 98 Vertex position / uv / normal / tangent / binormal 
-0.2158837318, -0.5396552086, -0.2997285128
0.6000000238, 0.3000000119, 
-0.0000000000, -0.9968153834, 0.0797446966
1.0000000000, -0.0000000000, 0.0000000000
0.0000000000, 0.0797446966, 0.9968153834

  * 99 Vertex position / uv / normal / tangent / binormal 
-0.2158837318, -0.5396552086, -0.2997285128
0.6000000238, 0.3000000119, 
-0.0000000000, -0.9968153834, 0.0797446966
1.0000000000, -0.0000000000, 0.0000000000
0.0000000000, 0.0797446966, 0.9968153834

  * 100 Vertex position / uv / normal / tangent / binormal 
-0.1510362625, -0.5411403179, -0.3182898760
0.7000000477, 0.2000000030, 
-0.0000000000, -0.9968153834, 0.0797446892
1.0000000000, -0.0000000000, 0.0000000000
0.0000000000, 0.0797446892, 0.9968153834

  * 101 Vertex position / uv / normal / tangent / binormal 
-0.1515188217, -0.5396552086, -0.2997285128
0.7000000477, 0.3000000119, 
-0.0000000000, -0.9968153834, 0.0797446892
1.0000000000, -0.0000000000, 0.0000000000
0.0000000000, 0.0797446892, 0.9968153834

  * 102 Vertex position / uv / normal / tangent / binormal 
-0.1510362625, -0.5411403179, -0.3182898760
0.7000000477, 0.2000000030, 
0.5859112144, -0.8064422607, 0.0797435343
0.8090186119, 0.5877830386, 0.0000002306
-0.0468720831, 0.0645138696, 0.9968154430

  * 103 Vertex position / uv / normal / tangent / binormal 
-0.0981836319, -0.5027406216, -0.3182898760
0.8000000715, 0.2000000030, 
0.5859111547, -0.8064422607, 0.0797435343
0.8090187311, 0.5877830386, 0.0000002345
-0.0468720831, 0.0645138696, 0.9968154430

  * 104 Vertex position / uv / normal / tangent / binormal 
-0.1515188217, -0.5396552086, -0.2997285128
0.7000000477, 0.3000000119, 
0.5859111547, -0.8064422607, 0.0797435343
0.8090187311, 0.5877830386, 0.0000002345
-0.0468720831, 0.0645138696, 0.9968154430

  * 105 Vertex position / uv / normal / tangent / binormal 
-0.1515188217, -0.5396552086, -0.2997285128
0.7000000477, 0.3000000119, 
0.5859111547, -0.8064422607, 0.0797435343
0.8090186715, 0.5877829790, -0.0000003132
-0.0468716398, 0.0645141974, 0.9968154430

  * 106 Vertex position / uv / normal / tangent / binormal 
-0.0981836319, -0.5027406216, -0.3182898760
0.8000000715, 0.2000000030, 
0.5859111547, -0.8064422607, 0.0797435343
0.8090186715, 0.5877829790, -0.0000003132
-0.0468716398, 0.0645141974, 0.9968154430

  * 107 Vertex position / uv / normal / tangent / binormal 
-0.0994467735, -0.5018231869, -0.2997285128
0.8000000715, 0.3000000119, 
0.5859111547, -0.8064422607, 0.0797435343
0.8090186715, 0.5877829790, -0.0000003132
-0.0468716398, 0.0645141974, 0.9968154430

  * 108 Vertex position / uv / normal / tangent / binormal 
-0.0981836319, -0.5027406216, -0.3182898760
0.8000000715, 0.2000000030, 
0.9480285048, -0.3080307841, 0.0797431991
0.3090148866, 0.9510573149, -0.0000000685
-0.0758403242, 0.0246418975, 0.9968154430

  * 109 Vertex position / uv / normal / tangent / binormal 
-0.0779957771, -0.4406085014, -0.3182898760
0.9000000954, 0.2000000030, 
0.9480285048, -0.3080307841, 0.0797431991
0.3090148866, 0.9510573149, -0.0000000685
-0.0758403242, 0.0246418975, 0.9968154430

  * 110 Vertex position / uv / normal / tangent / binormal 
-0.0994467735, -0.5018231869, -0.2997285128
0.8000000715, 0.3000000119, 
0.9480285048, -0.3080307543, 0.0797431916
0.3090148568, 0.9510573149, -0.0000000707
-0.0758403242, 0.0246418975, 0.9968155026

  * 111 Vertex position / uv / normal / tangent / binormal 
-0.0994467735, -0.5018231869, -0.2997285128
0.8000000715, 0.3000000119, 
0.9480285048, -0.3080307543, 0.0797431916
0.3090148866, 0.9510573149, -0.0000001506
-0.0758402944, 0.0246419739, 0.9968154430

  * 112 Vertex position / uv / normal / tangent / binormal 
-0.0779957771, -0.4406085014, -0.3182898760
0.9000000954, 0.2000000030, 
0.9480285048, -0.3080307841, 0.0797431991
0.3090148866, 0.9510571957, -0.0000001483
-0.0758403018, 0.0246419758, 0.9968154430

  * 113 Vertex position / uv / normal / tangent / binormal 
-0.0795569420, -0.4406085014, -0.2997285128
0.9000000954, 0.3000000119, 
0.9480285048, -0.3080307543, 0.0797431916
0.3090148866, 0.9510573149, -0.0000001506
-0.0758402944, 0.0246419739, 0.9968154430

  * 114 Vertex position / uv / normal / tangent / binormal 
-0.0779957771, -0.4406085014, -0.3182898760
0.9000000954, 0.2000000030, 
0.9480288029, 0.3080297709, 0.0797439069
-0.3090138733, 0.9510575533, 0.0000001527
-0.0758410022, -0.0246421192, 0.9968153834

  * 115 Vertex position / uv / normal / tangent / binormal 
-0.0981836319, -0.3784763813, -0.3182898760
1.0000001192, 0.2000000030, 
0.9480288029, 0.3080297709, 0.0797439069
-0.3090138733, 0.9510575533, 0.0000001527
-0.0758410022, -0.0246421192, 0.9968153834

  * 116 Vertex position / uv / normal / tangent / binormal 
-0.0795569420, -0.4406085014, -0.2997285128
0.9000000954, 0.3000000119, 
0.9480288029, 0.3080297410, 0.0797438994
-0.3090138435, 0.9510575533, 0.0000001549
-0.0758409947, -0.0246421155, 0.9968153834

  * 117 Vertex position / uv / normal / tangent / binormal 
-0.0795569420, -0.4406085014, -0.2997285128
0.9000000954, 0.3000000119, 
0.9480288029, 0.3080297410, 0.0797438994
-0.3090138733, 0.9510575533, 0.0000004167
-0.0758409128, -0.0246423669, 0.9968153834

  * 118 Vertex position / uv / normal / tangent / binormal 
-0.0981836319, -0.3784763813, -0.3182898760
1.0000001192, 0.2000000030, 
0.9480288029, 0.3080297709, 0.0797439069
-0.3090138733, 0.9510575533, 0.0000004145
-0.0758409202, -0.0246423669, 0.9968153834

  * 119 Vertex position / uv / normal / tangent / binormal 
-0.0994467735, -0.3793942928, -0.2997285128
1.0000001192, 0.3000000119, 
0.9480288029, 0.3080297410, 0.0797438994
-0.3090138733, 0.9510575533, 0.0000004167
-0.0758409128, -0.0246423669, 0.9968153834

  * 120 Vertex position / uv / normal / tangent / binormal 
-0.0994467735, -0.3793942928, -0.2997285128
0.0000000000, 0.3000000119, 
0.3385716677, 0.4660069346, 0.8174391985
-0.8090178967, 0.5877840519, -0.0000010984
-0.4804782271, -0.6613225937, 0.5760149956

  * 121 Vertex position / uv / normal / tangent / binormal 
-0.1515188217, -0.3415617943, -0.2997285128
0.1000000015, 0.3000000119, 
0.3385716081, 0.4660069644, 0.8174391985
-0.8090178967, 0.5877839923, -0.0000011521
-0.4804781973, -0.6613225341, 0.5760149360

  * 122 Vertex position / uv / normal / tangent / binormal 
-0.1479229927, -0.4146139622, -0.2595722675
0.0000000000, 0.4000000060, 
0.3385716379, 0.4660069346, 0.8174391985
-0.8090178967, 0.5877839923, -0.0000011181
-0.4804781675, -0.6613225937, 0.5760149360

  * 123 Vertex position / uv / normal / tangent / binormal 
-0.1479229927, -0.4146139622, -0.2595722675
0.0000000000, 0.4000000060, 
0.3385716379, 0.4660069346, 0.8174391985
-0.8090201616, 0.5877809525, 0.0000015676
-0.4804744422, -0.6613253355, 0.5760149956

  * 124 Vertex position / uv / normal / tangent / binormal 
-0.1515188217, -0.3415617943, -0.2997285128
0.1000000015, 0.3000000119, 
0.3385716081, 0.4660069644, 0.8174391985
-0.8090201616, 0.5877808928, 0.0000015336
-0.4804744124, -0.6613253355, 0.5760149360

  * 125 Vertex position / uv / normal / tangent / binormal 
-0.1700353622, -0.3985486031, -0.2595722675
0.1000000015, 0.4000000060, 
0.3385716379, 0.4660069644, 0.8174391985
-0.8090201616, 0.5877809525, 0.0000015533
-0.4804744124, -0.6613252759, 0.5760149360

  * 126 Vertex position / uv / normal / tangent / binormal 
-0.1515188217, -0.3415617943, -0.2997285128
0.1000000015, 0.3000000119, 
-0.0000000000, 0.5760138035, 0.8174399734
-1.0000000000, -0.0000000000, -0.0000000000
-0.0000000000, -0.8174399734, 0.5760138035

  * 127 Vertex position / uv / normal / tangent / binormal 
-0.2158837318, -0.3415617943, -0.2997285128
0.2000000030, 0.3000000119, 
-0.0000000000, 0.5760138035, 0.8174399734
-1.0000000000, -0.0000000000, -0.0000000000
-0.0000000000, -0.8174399734, 0.5760138035

  * 128 Vertex position / uv / normal / tangent / binormal 
-0.1700353622, -0.3985486031, -0.2595722675
0.1000000015, 0.4000000060, 
-0.0000000000, 0.5760137439, 0.8174400330
-1.0000000000, -0.0000000000, -0.0000000000
0.0000000000, -0.8174400330, 0.5760137439

  * 129 Vertex position / uv / normal / tangent / binormal 
-0.1700353622, -0.3985486031, -0.2595722675
0.1000000015, 0.4000000060, 
-0.0000000000, 0.5760137439, 0.8174400330
-1.0000000000, -0.0000000000, -0.0000000000
0.0000000000, -0.8174400330, 0.5760137439

  * 130 Vertex position / uv / normal / tangent / binormal 
-0.2158837318, -0.3415617943, -0.2997285128
0.2000000030, 0.3000000119, 
-0.0000000000, 0.5760138035, 0.8174399734
-1.0000000000, -0.0000000000, -0.0000000000
-0.0000000000, -0.8174399734, 0.5760138035

  * 131 Vertex position / uv / normal / tangent / binormal 
-0.1973671913, -0.3985486031, -0.2595722675
0.2000000030, 0.4000000060, 
-0.0000000000, 0.5760137439, 0.8174399734
-1.0000000000, -0.0000000000, -0.0000000000
0.0000000000, -0.8174399734, 0.5760137439

  * 132 Vertex position / uv / normal / tangent / binormal 
-0.2158837318, -0.3415617943, -0.2997285128
0.2000000030, 0.3000000119, 
-0.3385720551, 0.4660048187, 0.8174403310
-0.8090173602, -0.5877847672, -0.0000001745
0.4804788232, -0.6613234282, 0.5760134459

  * 133 Vertex position / uv / normal / tangent / binormal 
-0.2679557800, -0.3793942928, -0.2997285128
0.3000000119, 0.3000000119, 
-0.3385720253, 0.4660047889, 0.8174402714
-0.8090173602, -0.5877847672, -0.0000001691
0.4804788530, -0.6613234282, 0.5760134459

  * 134 Vertex position / uv / normal / tangent / binormal 
-0.1973671913, -0.3985486031, -0.2595722675
0.2000000030, 0.4000000060, 
-0.3385720551, 0.4660047889, 0.8174403310
-0.8090173602, -0.5877847672, -0.0000001888
0.4804788232, -0.6613234282, 0.5760133862

  * 135 Vertex position / uv / normal / tangent / binormal 
-0.1973671913, -0.3985486031, -0.2595722675
0.2000000030, 0.4000000060, 
-0.3385720551, 0.4660047889, 0.8174403310
-0.8090196848, -0.5877817273, -0.0000028745
0.4804750979, -0.6613262296, 0.5760134459

  * 136 Vertex position / uv / normal / tangent / binormal 
-0.2679557800, -0.3793942928, -0.2997285128
0.3000000119, 0.3000000119, 
-0.3385720253, 0.4660047889, 0.8174402714
-0.8090196252, -0.5877816677, -0.0000028548
0.4804750681, -0.6613261700, 0.5760134459

  * 137 Vertex position / uv / normal / tangent / binormal 
-0.2194795609, -0.4146139622, -0.2595722675
0.3000000119, 0.4000000060, 
-0.3385720551, 0.4660048187, 0.8174403310
-0.8090196252, -0.5877816677, -0.0000028602
0.4804750383, -0.6613261700, 0.5760134459

  * 138 Vertex position / uv / normal / tangent / binormal 
-0.2679557800, -0.3793942928, -0.2997285128
0.3000000119, 0.3000000119, 
-0.5478205085, 0.1780008823, 0.8174400926
-0.3090198934, -0.9510555863, 0.0000015940
0.7774313688, -0.2526044250, 0.5760136247

  * 139 Vertex position / uv / normal / tangent / binormal 
-0.2878456116, -0.4406085014, -0.2997285128
0.4000000060, 0.3000000119, 
-0.5478205681, 0.1780008972, 0.8174401522
-0.3090198934, -0.9510555863, 0.0000015905
0.7774311900, -0.2526043653, 0.5760136247

  * 140 Vertex position / uv / normal / tangent / binormal 
-0.2194795609, -0.4146139622, -0.2595722675
0.3000000119, 0.4000000060, 
-0.5478205085, 0.1780008972, 0.8174401522
-0.3090198934, -0.9510555863, 0.0000016056
0.7774313092, -0.2526043653, 0.5760135651

  * 141 Vertex position / uv / normal / tangent / binormal 
-0.2194795609, -0.4146139622, -0.2595722675
0.3000000119, 0.4000000060, 
-0.5478205085, 0.1780008972, 0.8174401522
-0.3090204298, -0.9510554075, 0.0000012156
0.7774311304, -0.2526050508, 0.5760135651

  * 142 Vertex position / uv / normal / tangent / binormal 
-0.2878456116, -0.4406085014, -0.2997285128
0.4000000060, 0.3000000119, 
-0.5478205681, 0.1780008972, 0.8174401522
-0.3090204000, -0.9510554075, 0.0000012006
0.7774311304, -0.2526050210, 0.5760136247

  * 143 Vertex position / uv / normal / tangent / binormal 
-0.2279257774, -0.4406085014, -0.2595722675
0.4000000060, 0.4000000060, 
-0.5478205085, 0.1780008972, 0.8174400926
-0.3090204298, -0.9510554075, 0.0000012156
0.7774310708, -0.2526050210, 0.5760135651

  * 144 Vertex position / uv / normal / tangent / binormal 
-0.2878456116, -0.4406085014, -0.2997285128
0.4000000060, 0.3000000119, 
-0.5478210449, -0.1779954880, 0.8174409270
0.3090155125, -0.9510570168, 0.0000016572
0.7774327397, 0.2526028454, 0.5760124326

  * 145 Vertex position / uv / normal / tangent / binormal 
-0.2679557800, -0.5018231869, -0.2997285128
0.5000000000, 0.3000000119, 
-0.5478210449, -0.1779955178, 0.8174409270
0.3090155423, -0.9510570168, 0.0000016340
0.7774326205, 0.2526028454, 0.5760124326

  * 146 Vertex position / uv / normal / tangent / binormal 
-0.2279257774, -0.4406085014, -0.2595722675
0.4000000060, 0.4000000060, 
-0.5478210449, -0.1779955029, 0.8174409270
0.3090155423, -0.9510570168, 0.0000016456
0.7774326205, 0.2526028454, 0.5760124326

  * 147 Vertex position / uv / normal / tangent / binormal 
-0.2279257774, -0.4406085014, -0.2595722675
0.4000000060, 0.4000000060, 
-0.5478210449, -0.1779955029, 0.8174409270
0.3090175092, -0.9510563612, 0.0000031135
0.7774319649, 0.2526052892, 0.5760124326

  * 148 Vertex position / uv / normal / tangent / binormal 
-0.2679557800, -0.5018231869, -0.2997285128
0.5000000000, 0.3000000119, 
-0.5478210449, -0.1779955178, 0.8174409270
0.3090175092, -0.9510563612, 0.0000031019
0.7774319649, 0.2526052892, 0.5760124326

  * 149 Vertex position / uv / normal / tangent / binormal 
-0.2194795609, -0.4666030407, -0.2595722675
0.5000000000, 0.4000000060, 
-0.5478210449, -0.1779955178, 0.8174409270
0.3090175092, -0.9510563612, 0.0000031019
0.7774319649, 0.2526052892, 0.5760124326

  * 150 Vertex position / uv / normal / tangent / binormal 
-0.2679557800, -0.5018231869, -0.2997285128
0.5000000000, 0.3000000119, 
-0.3385715485, -0.4660069346, 0.8174392581
0.8090202808, -0.5877807140, 0.0000016449
0.4804742634, 0.6613254547, 0.5760148764

  * 151 Vertex position / uv / normal / tangent / binormal 
