Nr of Meshes: 9
Mesh name: goalDoorRight
mat count 1
vtx count 36
v -0.511282 -2.852816 17.411289
vt 0.375000 0.000000
vn -0.485961 0.000000 0.873980
vtan 0.873980 0.000000 0.485961
vbin 0.000000 1.000000 -0.000000
v -0.320524 -2.852816 17.517355
vt 0.625000 0.000000
vn -0.485960 0.000000 0.873981
vtan 0.873981 0.000000 0.485960
vbin 0.000000 1.000000 -0.000000
v -0.511282 -0.496614 17.411289
vt 0.375000 0.250000
vn -0.485950 0.000000 0.873986
vtan 0.873987 -0.000000 0.485950
vbin 0.000000 1.000000 0.000000
v -0.511282 -0.496614 17.411289
vt 0.375000 0.250000
vn -0.485950 0.000000 0.873986
vtan 0.873987 -0.000000 0.485950
vbin 0.000000 1.000000 0.000000
v -0.320524 -2.852816 17.517355
vt 0.625000 0.000000
vn -0.485960 0.000000 0.873981
vtan 0.873981 0.000000 0.485960
vbin 0.000000 1.000000 -0.000000
v -0.320524 -0.496614 17.517355
vt 0.625000 0.250000
vn -0.485950 0.000000 0.873987
vtan 0.873987 -0.000000 0.485950
vbin 0.000000 1.000000 0.000000
v -0.511282 -0.496614 17.411289
vt 0.375000 0.250000
vn 0.000000 1.000000 0.000000
vtan 0.873984 -0.000000 0.485955
vbin 0.485955 0.000000 -0.873984
v -0.320524 -0.496614 17.517355
vt 0.625000 0.250000
vn 0.000000 1.000000 0.000000
vtan 0.873984 -0.000000 0.485955
vbin 0.485955 0.000000 -0.873984
v -0.039141 -0.496614 16.582687
vt 0.375000 0.500000
vn 0.000000 1.000000 0.000000
vtan 0.873984 -0.000000 0.485955
vbin 0.485955 0.000000 -0.873984
v -0.039141 -0.496614 16.582687
vt 0.375000 0.500000
vn 0.000000 1.000000 0.000000
vtan 0.873987 0.000000 0.485949
vbin 0.485949 0.000000 -0.873987
v -0.320524 -0.496614 17.517355
vt 0.625000 0.250000
vn 0.000000 1.000000 0.000000
vtan 0.873987 0.000000 0.485949
vbin 0.485949 0.000000 -0.873987
v 0.151616 -0.496614 16.688751
vt 0.625000 0.500000
vn 0.000000 1.000000 0.000000
vtan 0.873987 0.000000 0.485949
vbin 0.485949 0.000000 -0.873987
v -0.039141 -0.496614 16.582687
vt 0.375000 0.500000
vn 0.485950 0.000000 -0.873986
vtan 0.873986 0.000000 0.485950
vbin 0.000000 -1.000000 0.000000
v 0.151616 -0.496614 16.688751
vt 0.625000 0.500000
vn 0.485950 0.000000 -0.873986
vtan 0.873987 0.000000 0.485950
vbin 0.000000 -1.000000 0.000000
v -0.039141 -2.852816 16.582687
vt 0.375000 0.750000
vn 0.485950 0.000000 -0.873986
vtan 0.873987 0.000000 0.485950
vbin 0.000000 -1.000000 0.000000
v -0.039141 -2.852816 16.582687
vt 0.375000 0.750000
vn 0.485950 0.000000 -0.873986
vtan 0.873987 0.000000 0.485950
vbin 0.000000 -1.000000 0.000000
v 0.151616 -0.496614 16.688751
vt 0.625000 0.500000
vn 0.485950 0.000000 -0.873986
vtan 0.873987 0.000000 0.485950
vbin 0.000000 -1.000000 0.000000
v 0.151616 -2.852816 16.688751
vt 0.625000 0.750000
vn 0.485950 0.000000 -0.873986
vtan 0.873986 0.000000 0.485950
vbin 0.000000 -1.000000 0.000000
v 0.151616 -2.852816 16.688751
vt 0.625000 0.750000
vn 0.000000 -1.000000 0.000000
vtan 0.873987 0.000000 0.485949
vbin -0.485949 0.000000 0.873987
v -0.320524 -2.852816 17.517355
vt 0.625000 1.000000
vn 0.000000 -1.000000 0.000000
vtan 0.873987 0.000000 0.485949
vbin -0.485949 0.000000 0.873987
v -0.039141 -2.852816 16.582687
vt 0.375000 0.750000
vn 0.000000 -1.000000 0.000000
vtan 0.873987 0.000000 0.485949
vbin -0.485949 0.000000 0.873987
v -0.039141 -2.852816 16.582687
vt 0.375000 0.750000
vn 0.000000 -1.000000 0.000000
vtan 0.873984 0.000000 0.485955
vbin -0.485955 0.000000 0.873984
v -0.320524 -2.852816 17.517355
vt 0.625000 1.000000
vn 0.000000 -1.000000 0.000000
vtan 0.873984 0.000000 0.485955
vbin -0.485955 0.000000 0.873984
v -0.511282 -2.852816 17.411289
vt 0.375000 1.000000
vn 0.000000 -1.000000 0.000000
vtan 0.873984 0.000000 0.485955
vbin -0.485955 0.000000 0.873984
v -0.320524 -2.852816 17.517355
vt 0.625000 0.000000
vn 0.868852 0.000000 0.495073
vtan 0.495073 -0.000000 -0.868852
vbin 0.000000 1.000000 -0.000000
v 0.151616 -2.852816 16.688751
vt 0.875000 0.000000
vn 0.868851 0.000000 0.495073
vtan 0.495073 -0.000000 -0.868851
vbin 0.000000 1.000000 -0.000000
v -0.320524 -0.496614 17.517355
vt 0.625000 0.250000
vn 0.868851 0.000000 0.495074
vtan 0.495074 0.000000 -0.868851
vbin -0.000000 1.000000 0.000000
v -0.320524 -0.496614 17.517355
vt 0.625000 0.250000
vn 0.868851 0.000000 0.495074
vtan 0.495074 0.000000 -0.868851
vbin -0.000000 1.000000 0.000000
v 0.151616 -2.852816 16.688751
vt 0.875000 0.000000
vn 0.868851 0.000000 0.495073
vtan 0.495073 -0.000000 -0.868851
vbin 0.000000 1.000000 -0.000000
v 0.151616 -0.496614 16.688751
vt 0.875000 0.250000
vn 0.868851 0.000000 0.495074
vtan 0.495074 0.000000 -0.868851
vbin -0.000000 1.000000 0.000000
v -0.039141 -2.852816 16.582687
vt 0.125000 0.000000
vn -0.868851 0.000000 -0.495074
vtan -0.495074 -0.000000 0.868851
vbin 0.000000 1.000000 0.000000
v -0.511282 -2.852816 17.411289
vt 0.375000 0.000000
vn -0.868851 0.000000 -0.495074
vtan -0.495074 -0.000000 0.868851
vbin 0.000000 1.000000 0.000000
v -0.039141 -0.496614 16.582687
vt 0.125000 0.250000
vn -0.868851 0.000000 -0.495074
vtan -0.495074 -0.000000 0.868851
vbin 0.000000 1.000000 0.000000
v -0.039141 -0.496614 16.582687
vt 0.125000 0.250000
vn -0.868851 0.000000 -0.495074
vtan -0.495074 -0.000000 0.868851
vbin 0.000000 1.000000 0.000000
v -0.511282 -2.852816 17.411289
vt 0.375000 0.000000
vn -0.868851 0.000000 -0.495074
vtan -0.495074 -0.000000 0.868851
vbin 0.000000 1.000000 0.000000
v -0.511282 -0.496614 17.411289
vt 0.375000 0.250000
vn -0.868851 0.000000 -0.495074
vtan -0.495074 -0.000000 0.868851
vbin 0.000000 1.000000 0.000000

        Material 0
            Name: "phong1"
            Ambient: 0.000000, 0.000000, 0.000000
            Diffuse: 0.500000, 0.500000, 0.500000
            Specular: 0.500000, 0.500000, 0.500000
            Emissive: 0.000000, 0.000000, 0.000000
            Opacity: 0.000000
            Shininess: 20.000000
            Reflectivity: 0.500000
            Nr of Textures: 0

        Translation: 0.000000 0.000000 0.000000
        Rotation:    0.000000 0.000000 0.000000
        Scaling:     1.000000 1.000000 1.000000

Mesh name: goalDoorBody
mat count 1
vtx count 36
v -1.875240 -2.852816 17.435717
vt 0.375000 0.000000
vn -0.999755 0.000000 0.022123
vtan 0.022123 -0.000000 0.999755
vbin 0.000000 1.000000 0.000000
v -1.858768 -2.852816 18.180082
vt 0.625000 0.000000
vn -0.999755 0.000000 0.022123
vtan 0.022123 -0.000000 0.999755
vbin 0.000000 1.000000 0.000000
v -1.875240 -0.496614 17.435717
vt 0.375000 0.250000
vn -0.999755 0.000000 0.022123
vtan 0.022123 -0.000000 0.999755
vbin 0.000000 1.000000 0.000000
v -1.875240 -0.496614 17.435717
vt 0.375000 0.250000
vn -0.999755 0.000000 0.022123
vtan 0.022123 -0.000000 0.999755
vbin 0.000000 1.000000 0.000000
v -1.858768 -2.852816 18.180082
vt 0.625000 0.000000
vn -0.999755 0.000000 0.022123
vtan 0.022123 -0.000000 0.999755
vbin 0.000000 1.000000 0.000000
v -1.858768 -0.496614 18.180082
vt 0.625000 0.250000
vn -0.999755 0.000000 0.022123
vtan 0.022123 0.000000 0.999755
vbin 0.000000 1.000000 -0.000000
v -1.875240 -0.496614 17.435717
vt 0.375000 0.250000
vn 0.000000 1.000000 0.000000
vtan 0.022123 -0.000000 0.999755
vbin 0.999755 0.000000 -0.022123
v -1.858768 -0.496614 18.180082
vt 0.625000 0.250000
vn 0.000000 1.000000 -0.000000
vtan 0.022123 0.000000 0.999755
vbin 0.999755 -0.000000 -0.022123
v -0.247055 -0.496614 17.414423
vt 0.375000 0.500000
vn 0.000000 1.000000 -0.000000
vtan 0.022123 0.000000 0.999755
vbin 0.999755 -0.000000 -0.022123
v -0.247055 -0.496614 17.414423
vt 0.375000 0.500000
vn 0.000000 1.000000 -0.000000
vtan 0.022123 0.000000 0.999755
vbin 0.999755 -0.000000 -0.022123
v -1.858768 -0.496614 18.180082
vt 0.625000 0.250000
vn 0.000000 1.000000 -0.000000
vtan 0.022123 0.000000 0.999755
vbin 0.999755 -0.000000 -0.022123
v -0.230583 -0.496614 18.158789
vt 0.625000 0.500000
vn 0.000000 1.000000 -0.000000
vtan 0.022123 0.000000 0.999755
vbin 0.999755 -0.000000 -0.022123
v -0.247055 -0.496614 17.414423
vt 0.375000 0.500000
vn 0.999755 0.000000 -0.022123
vtan 0.022123 0.000000 0.999755
vbin 0.000000 -1.000000 0.000000
v -0.230583 -0.496614 18.158789
vt 0.625000 0.500000
vn 0.999755 0.000000 -0.022123
vtan 0.022123 0.000000 0.999755
vbin 0.000000 -1.000000 0.000000
v -0.247055 -2.852816 17.414423
vt 0.375000 0.750000
vn 0.999755 0.000000 -0.022123
vtan 0.022123 0.000000 0.999755
vbin 0.000000 -1.000000 0.000000
v -0.247055 -2.852816 17.414423
vt 0.375000 0.750000
vn 0.999755 0.000000 -0.022123
vtan 0.022123 0.000000 0.999755
vbin 0.000000 -1.000000 0.000000
v -0.230583 -0.496614 18.158789
vt 0.625000 0.500000
vn 0.999755 0.000000 -0.022123
vtan 0.022123 0.000000 0.999755
vbin 0.000000 -1.000000 0.000000
v -0.230583 -2.852816 18.158789
vt 0.625000 0.750000
vn 0.999755 0.000000 -0.022123
vtan 0.022123 0.000000 0.999755
vbin 0.000000 -1.000000 0.000000
v -0.230583 -2.852816 18.158789
vt 0.625000 0.750000
vn 0.000000 -1.000000 0.000000
vtan 0.022123 0.000000 0.999755
vbin -0.999755 0.000000 0.022123
v -1.858768 -2.852816 18.180082
vt 0.625000 1.000000
vn 0.000000 -1.000000 0.000000
vtan 0.022123 0.000000 0.999755
vbin -0.999755 0.000000 0.022123
v -0.247055 -2.852816 17.414423
vt 0.375000 0.750000
vn 0.000000 -1.000000 0.000000
vtan 0.022123 0.000000 0.999755
vbin -0.999755 0.000000 0.022123
v -0.247055 -2.852816 17.414423
vt 0.375000 0.750000
vn 0.000000 -1.000000 0.000000
vtan 0.022123 0.000000 0.999755
vbin -0.999755 0.000000 0.022123
v -1.858768 -2.852816 18.180082
vt 0.625000 1.000000
vn 0.000000 -1.000000 0.000000
vtan 0.022123 0.000000 0.999755
vbin -0.999755 0.000000 0.022123
v -1.875240 -2.852816 17.435717
vt 0.375000 1.000000
vn 0.000000 -1.000000 0.000000
vtan 0.022123 0.000000 0.999755
vbin -0.999755 0.000000 0.022123
v -1.858768 -2.852816 18.180082
vt 0.625000 0.000000
vn 0.013077 0.000000 0.999915
vtan 0.999915 0.000000 -0.013077
vbin -0.000000 1.000000 0.000000
v -0.230583 -2.852816 18.158789
vt 0.875000 0.000000
vn 0.013077 0.000000 0.999915
vtan 0.999915 0.000000 -0.013077
vbin -0.000000 1.000000 0.000000
v -1.858768 -0.496614 18.180082
vt 0.625000 0.250000
vn 0.013077 0.000000 0.999915
vtan 0.999915 0.000000 -0.013077
vbin -0.000000 1.000000 0.000000
v -1.858768 -0.496614 18.180082
vt 0.625000 0.250000
vn 0.013077 0.000000 0.999915
vtan 0.999915 0.000000 -0.013077
vbin -0.000000 1.000000 0.000000
v -0.230583 -2.852816 18.158789
vt 0.875000 0.000000
vn 0.013077 0.000000 0.999915
vtan 0.999915 0.000000 -0.013077
vbin -0.000000 1.000000 0.000000
v -0.230583 -0.496614 18.158789
vt 0.875000 0.250000
vn 0.013077 0.000000 0.999915
vtan 0.999915 0.000000 -0.013077
vbin -0.000000 1.000000 0.000000
v -0.247055 -2.852816 17.414423
vt 0.125000 0.000000
vn -0.013077 0.000000 -0.999915
vtan -0.999915 0.000000 0.013077
vbin 0.000000 1.000000 0.000000
v -1.875240 -2.852816 17.435717
vt 0.375000 0.000000
vn -0.013077 0.000000 -0.999914
vtan -0.999915 -0.000000 0.013077
vbin 0.000000 1.000000 0.000000
v -0.247055 -0.496614 17.414423
vt 0.125000 0.250000
vn -0.013078 0.000000 -0.999914
vtan -0.999915 -0.000000 0.013078
vbin 0.000000 1.000000 0.000000
v -0.247055 -0.496614 17.414423
vt 0.125000 0.250000
vn -0.013078 0.000000 -0.999914
vtan -0.999915 -0.000000 0.013078
vbin 0.000000 1.000000 0.000000
v -1.875240 -2.852816 17.435717
vt 0.375000 0.000000
vn -0.013077 0.000000 -0.999914
vtan -0.999915 -0.000000 0.013077
vbin 0.000000 1.000000 0.000000
v -1.875240 -0.496614 17.435717
vt 0.375000 0.250000
vn -0.013079 0.000000 -0.999914
vtan -0.999914 -0.000000 0.013079
vbin 0.000000 1.000000 0.000000

        Material 0
            Name: "phong1"
            Ambient: 0.000000, 0.000000, 0.000000
            Diffuse: 0.500000, 0.500000, 0.500000
            Specular: 0.500000, 0.500000, 0.500000
            Emissive: 0.000000, 0.000000, 0.000000
            Opacity: 0.000000
            Shininess: 20.000000
            Reflectivity: 0.500000
            Nr of Textures: 0

        Translation: 0.000000 0.000000 0.000000
        Rotation:    0.000000 0.000000 0.000000
        Scaling:     1.000000 1.000000 1.000000

Mesh name: cube1
mat count 1
vtx count 36
v -1.771261 -3.769793 12.966725
vt 0.375000 0.000000
vn 0.000000 0.000000 1.000000
vtan 1.000000 -0.000000 -0.000000
vbin 0.000000 1.000000 -0.000000
v -0.771261 -3.769793 12.966725
vt 0.625000 0.000000
vn 0.000000 0.000000 1.000000
vtan 1.000000 -0.000000 -0.000000
vbin 0.000000 1.000000 -0.000000
v -1.771261 -2.769793 12.966725
vt 0.375000 0.250000
vn 0.000000 0.000000 1.000000
vtan 1.000000 -0.000000 -0.000000
vbin 0.000000 1.000000 -0.000000
v -1.771261 -2.769793 12.966725
vt 0.375000 0.250000
vn 0.000000 0.000000 1.000000
vtan 1.000000 -0.000000 0.000000
vbin 0.000000 1.000000 -0.000000
v -0.771261 -3.769793 12.966725
vt 0.625000 0.000000
vn 0.000000 0.000000 1.000000
vtan 1.000000 -0.000000 0.000000
vbin 0.000000 1.000000 -0.000000
v -0.771261 -2.769793 12.966725
vt 0.625000 0.250000
vn 0.000000 0.000000 1.000000
vtan 1.000000 -0.000000 0.000000
vbin 0.000000 1.000000 -0.000000
v -1.771261 -2.769793 12.966725
vt 0.375000 0.250000
vn 0.000000 1.000000 0.000000
vtan 1.000000 -0.000000 0.000000
vbin 0.000000 0.000000 -1.000000
v -0.771261 -2.769793 12.966725
vt 0.625000 0.250000
vn 0.000000 1.000000 0.000000
vtan 1.000000 -0.000000 0.000000
vbin 0.000000 0.000000 -1.000000
v -1.771261 -2.769793 11.966725
vt 0.375000 0.500000
vn 0.000000 1.000000 0.000000
vtan 1.000000 -0.000000 0.000000
vbin 0.000000 0.000000 -1.000000
v -1.771261 -2.769793 11.966725
vt 0.375000 0.500000
vn 0.000000 1.000000 0.000000
vtan 1.000000 0.000000 0.000000
vbin 0.000000 0.000000 -1.000000
v -0.771261 -2.769793 12.966725
vt 0.625000 0.250000
vn 0.000000 1.000000 0.000000
vtan 1.000000 0.000000 0.000000
vbin 0.000000 0.000000 -1.000000
v -0.771261 -2.769793 11.966725
vt 0.625000 0.500000
vn 0.000000 1.000000 0.000000
vtan 1.000000 0.000000 0.000000
vbin 0.000000 0.000000 -1.000000
v -1.771261 -2.769793 11.966725
vt 0.375000 0.500000
vn 0.000000 0.000000 -1.000000
vtan 1.000000 0.000000 0.000000
vbin 0.000000 -1.000000 0.000000
v -0.771261 -2.769793 11.966725
vt 0.625000 0.500000
vn 0.000000 0.000000 -1.000000
vtan 1.000000 0.000000 0.000000
vbin 0.000000 -1.000000 0.000000
v -1.771261 -3.769793 11.966725
vt 0.375000 0.750000
vn 0.000000 0.000000 -1.000000
vtan 1.000000 0.000000 0.000000
vbin 0.000000 -1.000000 0.000000
v -1.771261 -3.769793 11.966725
vt 0.375000 0.750000
vn 0.000000 0.000000 -1.000000
vtan 1.000000 0.000000 0.000000
vbin 0.000000 -1.000000 0.000000
v -0.771261 -2.769793 11.966725
vt 0.625000 0.500000
vn 0.000000 0.000000 -1.000000
vtan 1.000000 0.000000 0.000000
vbin 0.000000 -1.000000 0.000000
v -0.771261 -3.769793 11.966725
vt 0.625000 0.750000
vn 0.000000 0.000000 -1.000000
vtan 1.000000 0.000000 0.000000
vbin 0.000000 -1.000000 0.000000
v -1.771261 -3.769793 11.966725
vt 0.375000 0.750000
vn 0.000000 -1.000000 0.000000
vtan 1.000000 0.000000 -0.000000
vbin 0.000000 0.000000 1.000000
v -0.771261 -3.769793 11.966725
vt 0.625000 0.750000
vn 0.000000 -1.000000 0.000000
vtan 1.000000 0.000000 -0.000000
vbin 0.000000 0.000000 1.000000
v -1.771261 -3.769793 12.966725
vt 0.375000 1.000000
vn 0.000000 -1.000000 0.000000
vtan 1.000000 0.000000 -0.000000
vbin 0.000000 0.000000 1.000000
v -1.771261 -3.769793 12.966725
vt 0.375000 1.000000
vn 0.000000 -1.000000 0.000000
vtan 1.000000 0.000000 -0.000000
vbin 0.000000 0.000000 1.000000
v -0.771261 -3.769793 11.966725
vt 0.625000 0.750000
vn 0.000000 -1.000000 0.000000
vtan 1.000000 0.000000 -0.000000
vbin 0.000000 0.000000 1.000000
v -0.771261 -3.769793 12.966725
vt 0.625000 1.000000
vn 0.000000 -1.000000 0.000000
vtan 1.000000 0.000000 -0.000000
vbin 0.000000 0.000000 1.000000
v -0.771261 -3.769793 12.966725
vt 0.625000 0.000000
vn 1.000000 0.000000 0.000000
vtan 0.000000 0.000000 -1.000000
vbin -0.000000 1.000000 0.000000
v -0.771261 -3.769793 11.966725
vt 0.875000 0.000000
vn 1.000000 0.000000 0.000000
vtan 0.000000 0.000000 -1.000000
vbin -0.000000 1.000000 0.000000
v -0.771261 -2.769793 12.966725
vt 0.625000 0.250000
vn 1.000000 0.000000 0.000000
vtan 0.000000 0.000000 -1.000000
vbin -0.000000 1.000000 0.000000
v -0.771261 -2.769793 12.966725
vt 0.625000 0.250000
vn 1.000000 0.000000 0.000000
vtan 0.000000 -0.000000 -1.000000
vbin 0.000000 1.000000 -0.000000
v -0.771261 -3.769793 11.966725
vt 0.875000 0.000000
vn 1.000000 0.000000 0.000000
vtan 0.000000 -0.000000 -1.000000
vbin 0.000000 1.000000 -0.000000
v -0.771261 -2.769793 11.966725
vt 0.875000 0.250000
vn 1.000000 0.000000 0.000000
vtan 0.000000 -0.000000 -1.000000
vbin 0.000000 1.000000 -0.000000
v -1.771261 -3.769793 11.966725
vt 0.125000 0.000000
vn -1.000000 0.000000 0.000000
vtan 0.000000 -0.000000 1.000000
vbin 0.000000 1.000000 0.000000
v -1.771261 -3.769793 12.966725
vt 0.375000 0.000000
vn -1.000000 0.000000 0.000000
vtan 0.000000 -0.000000 1.000000
vbin 0.000000 1.000000 0.000000
v -1.771261 -2.769793 11.966725
vt 0.125000 0.250000
vn -1.000000 0.000000 0.000000
vtan 0.000000 -0.000000 1.000000
vbin 0.000000 1.000000 0.000000
v -1.771261 -2.769793 11.966725
vt 0.125000 0.250000
vn -1.000000 0.000000 0.000000
vtan 0.000000 -0.000000 1.000000
vbin 0.000000 1.000000 0.000000
v -1.771261 -3.769793 12.966725
vt 0.375000 0.000000
vn -1.000000 0.000000 0.000000
vtan 0.000000 -0.000000 1.000000
vbin 0.000000 1.000000 0.000000
v -1.771261 -2.769793 12.966725
vt 0.375000 0.250000
vn -1.000000 0.000000 0.000000
vtan 0.000000 -0.000000 1.000000
vbin 0.000000 1.000000 0.000000

        Material 0
            Name: "phong1"
            Ambient: 0.000000, 0.000000, 0.000000
            Diffuse: 0.500000, 0.500000, 0.500000
            Specular: 0.500000, 0.500000, 0.500000
            Emissive: 0.000000, 0.000000, 0.000000
            Opacity: 0.000000
            Shininess: 20.000000
            Reflectivity: 0.500000
            Nr of Textures: 0

        Translation: 0.000000 0.000000 0.000000
        Rotation:    0.000000 0.000000 0.000000
        Scaling:     1.000000 1.000000 1.000000

Mesh name: goalDoorLeft
mat count 1
vtx count 36
v -1.838831 -2.852816 17.553795
vt 0.375000 0.000000
vn 0.483519 0.000000 0.875334
vtan 0.875334 0.000000 -0.483519
vbin -0.000000 1.000000 0.000000
v -1.647780 -2.852816 17.448259
vt 0.625000 0.000000
vn 0.483519 0.000000 0.875334
vtan 0.875334 0.000000 -0.483519
vbin -0.000000 1.000000 0.000000
v -1.838831 -0.496614 17.553795
vt 0.375000 0.250000
vn 0.483530 0.000000 0.875328
vtan 0.875328 -0.000000 -0.483530
vbin 0.000000 1.000000 -0.000000
v -1.838831 -0.496614 17.553795
vt 0.375000 0.250000
vn 0.483530 0.000000 0.875328
vtan 0.875328 -0.000000 -0.483530
vbin 0.000000 1.000000 -0.000000
v -1.647780 -2.852816 17.448259
vt 0.625000 0.000000
vn 0.483519 0.000000 0.875334
vtan 0.875334 0.000000 -0.483519
vbin -0.000000 1.000000 0.000000
v -1.647780 -0.496614 17.448259
vt 0.625000 0.250000
vn 0.483530 0.000000 0.875328
vtan 0.875328 -0.000000 -0.483530
vbin 0.000000 1.000000 -0.000000
v -1.838831 -0.496614 17.553795
vt 0.375000 0.250000
vn 0.000000 1.000000 0.000000
vtan 0.875329 0.000000 -0.483527
vbin -0.483527 0.000000 -0.875329
v -1.647780 -0.496614 17.448259
vt 0.625000 0.250000
vn 0.000000 1.000000 0.000000
vtan 0.875329 0.000000 -0.483527
vbin -0.483527 0.000000 -0.875329
v -2.291193 -0.496614 16.714230
vt 0.375000 0.500000
vn 0.000000 1.000000 -0.000000
vtan 0.875329 -0.000000 -0.483527
vbin -0.483527 -0.000000 -0.875329
v -2.291193 -0.496614 16.714230
vt 0.375000 0.500000
vn 0.000000 1.000000 -0.000000
vtan 0.875333 -0.000000 -0.483521
vbin -0.483521 -0.000000 -0.875333
v -1.647780 -0.496614 17.448259
vt 0.625000 0.250000
vn 0.000000 1.000000 0.000000
vtan 0.875333 0.000000 -0.483521
vbin -0.483521 0.000000 -0.875333
v -2.100142 -0.496614 16.608696
vt 0.625000 0.500000
vn 0.000000 1.000000 -0.000000
vtan 0.875333 -0.000000 -0.483521
vbin -0.483521 -0.000000 -0.875333
v -2.291193 -0.496614 16.714230
vt 0.375000 0.500000
vn -0.483519 0.000000 -0.875334
vtan 0.875334 0.000000 -0.483519
vbin 0.000000 -1.000000 -0.000000
v -2.100142 -0.496614 16.608696
vt 0.625000 0.500000
vn -0.483519 0.000000 -0.875334
vtan 0.875334 0.000000 -0.483519
vbin 0.000000 -1.000000 -0.000000
v -2.291193 -2.852816 16.714230
vt 0.375000 0.750000
vn -0.483519 0.000000 -0.875334
vtan 0.875334 0.000000 -0.483519
vbin 0.000000 -1.000000 -0.000000
v -2.291193 -2.852816 16.714230
vt 0.375000 0.750000
vn -0.483519 0.000000 -0.875334
vtan 0.875334 0.000000 -0.483519
vbin 0.000000 -1.000000 -0.000000
v -2.100142 -0.496614 16.608696
vt 0.625000 0.500000
vn -0.483519 0.000000 -0.875334
vtan 0.875334 0.000000 -0.483519
vbin 0.000000 -1.000000 -0.000000
v -2.100142 -2.852816 16.608696
vt 0.625000 0.750000
vn -0.483519 0.000000 -0.875334
vtan 0.875334 0.000000 -0.483519
vbin 0.000000 -1.000000 -0.000000
v -2.100142 -2.852816 16.608696
vt 0.625000 0.750000
vn 0.000000 -1.000000 0.000000
vtan 0.875333 0.000000 -0.483521
vbin 0.483521 0.000000 0.875333
v -1.647780 -2.852816 17.448259
vt 0.625000 1.000000
vn 0.000000 -1.000000 0.000000
vtan 0.875333 0.000000 -0.483521
vbin 0.483521 0.000000 0.875333
v -2.291193 -2.852816 16.714230
vt 0.375000 0.750000
vn 0.000000 -1.000000 0.000000
vtan 0.875333 0.000000 -0.483521
vbin 0.483521 0.000000 0.875333
v -2.291193 -2.852816 16.714230
vt 0.375000 0.750000
vn 0.000000 -1.000000 0.000000
vtan 0.875329 0.000000 -0.483527
vbin 0.483527 0.000000 0.875329
v -1.647780 -2.852816 17.448259
vt 0.625000 1.000000
vn 0.000000 -1.000000 0.000000
vtan 0.875329 0.000000 -0.483527
vbin 0.483527 0.000000 0.875329
v -1.838831 -2.852816 17.553795
vt 0.375000 1.000000
vn 0.000000 -1.000000 0.000000
vtan 0.875329 0.000000 -0.483527
vbin 0.483527 0.000000 0.875329
v -1.647780 -2.852816 17.448259
vt 0.625000 0.000000
vn 0.880345 0.000000 -0.474335
vtan -0.474335 -0.000000 -0.880345
vbin -0.000000 1.000000 0.000000
v -2.100142 -2.852816 16.608696
vt 0.875000 0.000000
vn 0.880345 0.000000 -0.474335
vtan -0.474335 -0.000000 -0.880345
vbin -0.000000 1.000000 0.000000
v -1.647780 -0.496614 17.448259
vt 0.625000 0.250000
vn 0.880345 0.000000 -0.474335
vtan -0.474335 -0.000000 -0.880345
vbin -0.000000 1.000000 0.000000
v -1.647780 -0.496614 17.448259
vt 0.625000 0.250000
vn 0.880345 0.000000 -0.474335
vtan -0.474335 -0.000000 -0.880345
vbin -0.000000 1.000000 0.000000
v -2.100142 -2.852816 16.608696
vt 0.875000 0.000000
vn 0.880345 0.000000 -0.474335
vtan -0.474335 -0.000000 -0.880345
vbin -0.000000 1.000000 0.000000
v -2.100142 -0.496614 16.608696
vt 0.875000 0.250000
vn 0.880345 0.000000 -0.474335
vtan -0.474335 -0.000000 -0.880345
vbin -0.000000 1.000000 0.000000
v -2.291193 -2.852816 16.714230
vt 0.125000 0.000000
vn -0.880345 0.000000 0.474333
vtan 0.474333 0.000000 0.880346
vbin 0.000000 1.000000 -0.000000
v -1.838831 -2.852816 17.553795
vt 0.375000 0.000000
vn -0.880345 0.000000 0.474333
vtan 0.474333 0.000000 0.880345
vbin 0.000000 1.000000 -0.000000
v -2.291193 -0.496614 16.714230
vt 0.125000 0.250000
vn -0.880345 0.000000 0.474334
vtan 0.474334 -0.000000 0.880345
vbin 0.000000 1.000000 0.000000
v -2.291193 -0.496614 16.714230
vt 0.125000 0.250000
vn -0.880345 0.000000 0.474334
vtan 0.474334 -0.000000 0.880345
vbin 0.000000 1.000000 0.000000
v -1.838831 -2.852816 17.553795
vt 0.375000 0.000000
vn -0.880345 0.000000 0.474333
vtan 0.474333 0.000000 0.880345
vbin 0.000000 1.000000 -0.000000
v -1.838831 -0.496614 17.553795
vt 0.375000 0.250000
vn -0.880345 0.000000 0.474335
vtan 0.474335 -0.000000 0.880345
vbin 0.000000 1.000000 0.000000

        Material 0
            Name: "phong1"
            Ambient: 0.000000, 0.000000, 0.000000
            Diffuse: 0.500000, 0.500000, 0.500000
            Specular: 0.500000, 0.500000, 0.500000
            Emissive: 0.000000, 0.000000, 0.000000
            Opacity: 0.000000
            Shininess: 20.000000
            Reflectivity: 0.500000
            Nr of Textures: 0

        Translation: 0.000000 0.000000 0.000000
        Rotation:    0.000000 0.000000 0.000000
        Scaling:     1.000000 1.000000 1.000000

Mesh name: cube2
mat count 1
vtx count 36
v -1.148393 -3.769793 -3.867467
vt 0.375000 0.000000
vn 0.000000 0.000000 1.000000
vtan 1.000000 -0.000000 -0.000000
vbin 0.000000 1.000000 -0.000000
v -0.148393 -3.769793 -3.867467
vt 0.625000 0.000000
vn 0.000000 0.000000 1.000000
vtan 1.000000 -0.000000 -0.000000
vbin 0.000000 1.000000 -0.000000
v -1.148393 -2.769793 -3.867467
vt 0.375000 0.250000
vn 0.000000 0.000000 1.000000
vtan 1.000000 -0.000000 -0.000000
vbin 0.000000 1.000000 -0.000000
v -1.148393 -2.769793 -3.867467
vt 0.375000 0.250000
vn 0.000000 0.000000 1.000000
vtan 1.000000 -0.000000 0.000000
vbin 0.000000 1.000000 -0.000000
v -0.148393 -3.769793 -3.867467
vt 0.625000 0.000000
vn 0.000000 0.000000 1.000000
vtan 1.000000 -0.000000 0.000000
vbin 0.000000 1.000000 -0.000000
v -0.148393 -2.769793 -3.867467
vt 0.625000 0.250000
vn 0.000000 0.000000 1.000000
vtan 1.000000 -0.000000 0.000000
vbin 0.000000 1.000000 -0.000000
v -1.148393 -2.769793 -3.867467
vt 0.375000 0.250000
vn 0.000000 1.000000 0.000000
vtan 1.000000 -0.000000 0.000000
vbin 0.000000 0.000000 -1.000000
v -0.148393 -2.769793 -3.867467
vt 0.625000 0.250000
vn 0.000000 1.000000 0.000000
vtan 1.000000 -0.000000 0.000000
vbin 0.000000 0.000000 -1.000000
v -1.148393 -2.769793 -4.867467
vt 0.375000 0.500000
vn 0.000000 1.000000 0.000000
vtan 1.000000 -0.000000 0.000000
vbin 0.000000 0.000000 -1.000000
v -1.148393 -2.769793 -4.867467
vt 0.375000 0.500000
vn 0.000000 1.000000 0.000000
vtan 1.000000 0.000000 0.000000
vbin 0.000000 0.000000 -1.000000
v -0.148393 -2.769793 -3.867467
vt 0.625000 0.250000
vn 0.000000 1.000000 0.000000
vtan 1.000000 0.000000 0.000000
vbin 0.000000 0.000000 -1.000000
v -0.148393 -2.769793 -4.867467
vt 0.625000 0.500000
vn 0.000000 1.000000 0.000000
vtan 1.000000 0.000000 0.000000
vbin 0.000000 0.000000 -1.000000
v -1.148393 -2.769793 -4.867467
vt 0.375000 0.500000
vn 0.000000 0.000000 -1.000000
vtan 1.000000 0.000000 0.000000
vbin 0.000000 -1.000000 0.000000
v -0.148393 -2.769793 -4.867467
vt 0.625000 0.500000
vn 0.000000 0.000000 -1.000000
vtan 1.000000 0.000000 0.000000
vbin 0.000000 -1.000000 0.000000
v -1.148393 -3.769793 -4.867467
vt 0.375000 0.750000
vn 0.000000 0.000000 -1.000000
vtan 1.000000 0.000000 0.000000
vbin 0.000000 -1.000000 0.000000
v -1.148393 -3.769793 -4.867467
vt 0.375000 0.750000
vn 0.000000 0.000000 -1.000000
vtan 1.000000 0.000000 0.000000
vbin 0.000000 -1.000000 0.000000
v -0.148393 -2.769793 -4.867467
vt 0.625000 0.500000
vn 0.000000 0.000000 -1.000000
vtan 1.000000 0.000000 0.000000
vbin 0.000000 -1.000000 0.000000
v -0.148393 -3.769793 -4.867467
vt 0.625000 0.750000
vn 0.000000 0.000000 -1.000000
vtan 1.000000 0.000000 0.000000
vbin 0.000000 -1.000000 0.000000
v -1.148393 -3.769793 -4.867467
vt 0.375000 0.750000
vn 0.000000 -1.000000 0.000000
vtan 1.000000 0.000000 -0.000000
vbin 0.000000 0.000000 1.000000
v -0.148393 -3.769793 -4.867467
vt 0.625000 0.750000
vn 0.000000 -1.000000 0.000000
vtan 1.000000 0.000000 -0.000000
vbin 0.000000 0.000000 1.000000
v -1.148393 -3.769793 -3.867467
vt 0.375000 1.000000
vn 0.000000 -1.000000 0.000000
vtan 1.000000 0.000000 -0.000000
vbin 0.000000 0.000000 1.000000
v -1.148393 -3.769793 -3.867467
vt 0.375000 1.000000
vn 0.000000 -1.000000 0.000000
vtan 1.000000 0.000000 -0.000000
vbin 0.000000 0.000000 1.000000
v -0.148393 -3.769793 -4.867467
vt 0.625000 0.750000
vn 0.000000 -1.000000 0.000000
vtan 1.000000 0.000000 -0.000000
vbin 0.000000 0.000000 1.000000
v -0.148393 -3.769793 -3.867467
vt 0.625000 1.000000
vn 0.000000 -1.000000 0.000000
vtan 1.000000 0.000000 -0.000000
vbin 0.000000 0.000000 1.000000
v -0.148393 -3.769793 -3.867467
vt 0.625000 0.000000
vn 1.000000 0.000000 0.000000
vtan 0.000000 0.000000 -1.000000
vbin -0.000000 1.000000 0.000000
v -0.148393 -3.769793 -4.867467
vt 0.875000 0.000000
vn 1.000000 0.000000 0.000000
vtan 0.000000 0.000000 -1.000000
vbin -0.000000 1.000000 0.000000
v -0.148393 -2.769793 -3.867467
vt 0.625000 0.250000
vn 1.000000 0.000000 0.000000
vtan 0.000000 0.000000 -1.000000
vbin -0.000000 1.000000 0.000000
v -0.148393 -2.769793 -3.867467
vt 0.625000 0.250000
vn 1.000000 0.000000 0.000000
vtan 0.000000 -0.000000 -1.000000
vbin 0.000000 1.000000 -0.000000
v -0.148393 -3.769793 -4.867467
vt 0.875000 0.000000
vn 1.000000 0.000000 0.000000
vtan 0.000000 -0.000000 -1.000000
vbin 0.000000 1.000000 -0.000000
v -0.148393 -2.769793 -4.867467
vt 0.875000 0.250000
vn 1.000000 0.000000 0.000000
vtan 0.000000 -0.000000 -1.000000
vbin 0.000000 1.000000 -0.000000
v -1.148393 -3.769793 -4.867467
vt 0.125000 0.000000
vn -1.000000 0.000000 0.000000
vtan 0.000000 -0.000000 1.000000
vbin 0.000000 1.000000 0.000000
v -1.148393 -3.769793 -3.867467
vt 0.375000 0.000000
vn -1.000000 0.000000 0.000000
vtan 0.000000 -0.000000 1.000000
vbin 0.000000 1.000000 0.000000
v -1.148393 -2.769793 -4.867467
vt 0.125000 0.250000
vn -1.000000 0.000000 0.000000
vtan 0.000000 -0.000000 1.000000
vbin 0.000000 1.000000 0.000000
v -1.148393 -2.769793 -4.867467
vt 0.125000 0.250000
vn -1.000000 0.000000 0.000000
vtan 0.000000 -0.000000 1.000000
vbin 0.000000 1.000000 0.000000
v -1.148393 -3.769793 -3.867467
vt 0.375000 0.000000
vn -1.000000 0.000000 0.000000
vtan 0.000000 -0.000000 1.000000
vbin 0.000000 1.000000 0.000000
v -1.148393 -2.769793 -3.867467
vt 0.375000 0.250000
vn -1.000000 0.000000 0.000000
vtan 0.000000 -0.000000 1.000000
vbin 0.000000 1.000000 0.000000

        Material 0
            Name: "phong1"
            Ambient: 0.000000, 0.000000, 0.000000
            Diffuse: 0.500000, 0.500000, 0.500000
            Specular: 0.500000, 0.500000, 0.500000
            Emissive: 0.000000, 0.000000, 0.000000
            Opacity: 0.000000
            Shininess: 20.000000
            Reflectivity: 0.500000
            Nr of Textures: 0

        Translation: 0.000000 0.000000 0.000000
        Rotation:    0.000000 0.000000 0.000000
        Scaling:     1.000000 1.000000 1.000000

Mesh name: mainPlatform
mat count 1
vtx count 36
v -8.576602 -10.039309 11.974193
vt 0.375000 0.000000
vn 0.000000 0.000000 1.000000
vtan 1.000000 -0.000000 -0.000000
vbin 0.000000 1.000000 -0.000000
v 7.248730 -10.039309 11.974193
vt 0.625000 0.000000
vn 0.000000 0.000000 1.000000
vtan 1.000000 -0.000000 -0.000000
vbin 0.000000 1.000000 -0.000000
v -8.576602 -2.721344 11.974193
vt 0.375000 0.250000
vn 0.000000 0.000000 1.000000
vtan 1.000000 -0.000000 -0.000000
vbin 0.000000 1.000000 -0.000000
v -8.576602 -2.721344 11.974193
vt 0.375000 0.250000
vn 0.000000 0.000000 1.000000
vtan 1.000000 -0.000000 0.000000
vbin 0.000000 1.000000 -0.000000
v 7.248730 -10.039309 11.974193
vt 0.625000 0.000000
vn 0.000000 0.000000 1.000000
vtan 1.000000 -0.000000 0.000000
vbin 0.000000 1.000000 -0.000000
v 7.248730 -2.721344 11.974193
vt 0.625000 0.250000
vn 0.000000 0.000000 1.000000
vtan 1.000000 -0.000000 0.000000
vbin 0.000000 1.000000 -0.000000
v -8.576602 -2.721344 11.974193
vt 0.375000 0.250000
vn 0.000000 1.000000 0.000000
vtan 1.000000 -0.000000 0.000000
vbin 0.000000 0.000000 -1.000000
v 7.248730 -2.721344 11.974193
vt 0.625000 0.250000
vn 0.000000 1.000000 0.000000
vtan 1.000000 -0.000000 0.000000
vbin 0.000000 0.000000 -1.000000
v -8.576602 -2.721344 -3.851139
vt 0.375000 0.500000
vn 0.000000 1.000000 0.000000
vtan 1.000000 -0.000000 0.000000
vbin 0.000000 0.000000 -1.000000
v -8.576602 -2.721344 -3.851139
vt 0.375000 0.500000
vn 0.000000 1.000000 0.000000
vtan 1.000000 0.000000 0.000000
vbin 0.000000 0.000000 -1.000000
v 7.248730 -2.721344 11.974193
vt 0.625000 0.250000
vn 0.000000 1.000000 0.000000
vtan 1.000000 0.000000 0.000000
vbin 0.000000 0.000000 -1.000000
v 7.248730 -2.721344 -3.851139
vt 0.625000 0.500000
vn 0.000000 1.000000 0.000000
vtan 1.000000 0.000000 0.000000
vbin 0.000000 0.000000 -1.000000
v -8.576602 -2.721344 -3.851139
vt 0.375000 0.500000
vn 0.000000 0.000000 -1.000000
vtan 1.000000 0.000000 0.000000
vbin 0.000000 -1.000000 0.000000
v 7.248730 -2.721344 -3.851139
vt 0.625000 0.500000
vn 0.000000 0.000000 -1.000000
vtan 1.000000 0.000000 0.000000
vbin 0.000000 -1.000000 0.000000
v -8.576602 -10.039309 -3.851139
vt 0.375000 0.750000
vn 0.000000 0.000000 -1.000000
vtan 1.000000 0.000000 0.000000
vbin 0.000000 -1.000000 0.000000
v -8.576602 -10.039309 -3.851139
vt 0.375000 0.750000
vn 0.000000 0.000000 -1.000000
vtan 1.000000 0.000000 0.000000
vbin 0.000000 -1.000000 0.000000
v 7.248730 -2.721344 -3.851139
vt 0.625000 0.500000
vn 0.000000 0.000000 -1.000000
vtan 1.000000 0.000000 0.000000
vbin 0.000000 -1.000000 0.000000
v 7.248730 -10.039309 -3.851139
vt 0.625000 0.750000
vn 0.000000 0.000000 -1.000000
vtan 1.000000 0.000000 0.000000
vbin 0.000000 -1.000000 0.000000
v -8.576602 -10.039309 -3.851139
vt 0.375000 0.750000
vn 0.000000 -1.000000 0.000000
vtan 1.000000 0.000000 -0.000000
vbin 0.000000 0.000000 1.000000
v 7.248730 -10.039309 -3.851139
vt 0.625000 0.750000
vn 0.000000 -1.000000 0.000000
vtan 1.000000 0.000000 -0.000000
vbin 0.000000 0.000000 1.000000
v -8.576602 -10.039309 11.974193
vt 0.375000 1.000000
vn 0.000000 -1.000000 0.000000
vtan 1.000000 0.000000 -0.000000
vbin 0.000000 0.000000 1.000000
v -8.576602 -10.039309 11.974193
vt 0.375000 1.000000
vn 0.000000 -1.000000 0.000000
vtan 1.000000 0.000000 -0.000000
vbin 0.000000 0.000000 1.000000
v 7.248730 -10.039309 -3.851139
vt 0.625000 0.750000
vn 0.000000 -1.000000 0.000000
vtan 1.000000 0.000000 -0.000000
vbin 0.000000 0.000000 1.000000
v 7.248730 -10.039309 11.974193
vt 0.625000 1.000000
vn 0.000000 -1.000000 0.000000
vtan 1.000000 0.000000 -0.000000
vbin 0.000000 0.000000 1.000000
v 7.248730 -10.039309 11.974193
vt 0.625000 0.000000
vn 1.000000 0.000000 0.000000
vtan 0.000000 0.000000 -1.000000
vbin -0.000000 1.000000 0.000000
v 7.248730 -10.039309 -3.851139
vt 0.875000 0.000000
vn 1.000000 0.000000 0.000000
vtan 0.000000 0.000000 -1.000000
vbin -0.000000 1.000000 0.000000
v 7.248730 -2.721344 11.974193
vt 0.625000 0.250000
vn 1.000000 0.000000 0.000000
vtan 0.000000 0.000000 -1.000000
vbin -0.000000 1.000000 0.000000
v 7.248730 -2.721344 11.974193
vt 0.625000 0.250000
vn 1.000000 0.000000 0.000000
vtan 0.000000 -0.000000 -1.000000
vbin 0.000000 1.000000 -0.000000
v 7.248730 -10.039309 -3.851139
vt 0.875000 0.000000
vn 1.000000 0.000000 0.000000
vtan 0.000000 -0.000000 -1.000000
vbin 0.000000 1.000000 -0.000000
v 7.248730 -2.721344 -3.851139
vt 0.875000 0.250000
vn 1.000000 0.000000 0.000000
vtan 0.000000 -0.000000 -1.000000
vbin 0.000000 1.000000 -0.000000
v -8.576602 -10.039309 -3.851139
vt 0.125000 0.000000
vn -1.000000 0.000000 0.000000
vtan 0.000000 -0.000000 1.000000
vbin 0.000000 1.000000 0.000000
v -8.576602 -10.039309 11.974193
vt 0.375000 0.000000
vn -1.000000 0.000000 0.000000
vtan 0.000000 -0.000000 1.000000
vbin 0.000000 1.000000 0.000000
v -8.576602 -2.721344 -3.851139
vt 0.125000 0.250000
vn -1.000000 0.000000 0.000000
vtan 0.000000 -0.000000 1.000000
vbin 0.000000 1.000000 0.000000
v -8.576602 -2.721344 -3.851139
vt 0.125000 0.250000
vn -1.000000 0.000000 0.000000
vtan 0.000000 -0.000000 1.000000
vbin 0.000000 1.000000 0.000000
v -8.576602 -10.039309 11.974193
vt 0.375000 0.000000
vn -1.000000 0.000000 0.000000
vtan 0.000000 -0.000000 1.000000
vbin 0.000000 1.000000 0.000000
v -8.576602 -2.721344 11.974193
vt 0.375000 0.250000
vn -1.000000 0.000000 0.000000
vtan 0.000000 -0.000000 1.000000
vbin 0.000000 1.000000 0.000000

        Material 0
            Name: "phong1"
            Ambient: 0.000000, 0.000000, 0.000000
            Diffuse: 0.500000, 0.500000, 0.500000
            Specular: 0.500000, 0.500000, 0.500000
            Emissive: 0.000000, 0.000000, 0.000000
            Opacity: 0.000000
            Shininess: 20.000000
            Reflectivity: 0.500000
            Nr of Textures: 0

        Translation: 0.000000 0.000000 0.000000
        Rotation:    0.000000 0.000000 0.000000
        Scaling:     1.000000 1.000000 1.000000

Mesh name: entrancePlatform
mat count 1
vtx count 36
v 7.158482 -10.039309 7.137649
vt 0.375000 0.000000
vn 0.000000 0.000000 1.000000
vtan 1.000000 -0.000000 -0.000000
vbin 0.000000 1.000000 -0.000000
v 11.888836 -10.039309 7.137649
vt 0.625000 0.000000
vn 0.000000 0.000000 1.000000
vtan 1.000000 -0.000000 -0.000000
vbin 0.000000 1.000000 -0.000000
v 7.158482 -2.721344 7.137649
vt 0.375000 0.250000
vn 0.000000 0.000000 1.000000
vtan 1.000000 -0.000000 -0.000000
vbin 0.000000 1.000000 -0.000000
v 7.158482 -2.721344 7.137649
vt 0.375000 0.250000
vn 0.000000 0.000000 1.000000
vtan 1.000000 -0.000000 0.000000
vbin 0.000000 1.000000 -0.000000
v 11.888836 -10.039309 7.137649
vt 0.625000 0.000000
vn 0.000000 0.000000 1.000000
vtan 1.000000 -0.000000 0.000000
vbin 0.000000 1.000000 -0.000000
v 11.888836 -2.721344 7.137649
vt 0.625000 0.250000
vn 0.000000 0.000000 1.000000
vtan 1.000000 -0.000000 0.000000
vbin 0.000000 1.000000 -0.000000
v 7.158482 -2.721344 7.137649
vt 0.375000 0.250000
vn 0.000000 1.000000 0.000000
vtan 1.000000 -0.000000 0.000000
vbin 0.000000 0.000000 -1.000000
v 11.888836 -2.721344 7.137649
vt 0.625000 0.250000
vn 0.000000 1.000000 0.000000
vtan 1.000000 -0.000000 0.000000
vbin 0.000000 0.000000 -1.000000
v 7.158482 -2.721344 0.985405
vt 0.375000 0.500000
vn 0.000000 1.000000 0.000000
vtan 1.000000 -0.000000 0.000000
vbin 0.000000 0.000000 -1.000000
v 7.158482 -2.721344 0.985405
vt 0.375000 0.500000
vn 0.000000 1.000000 0.000000
vtan 1.000000 0.000000 0.000000
vbin 0.000000 0.000000 -1.000000
v 11.888836 -2.721344 7.137649
vt 0.625000 0.250000
vn 0.000000 1.000000 0.000000
vtan 1.000000 0.000000 0.000000
vbin 0.000000 0.000000 -1.000000
v 11.888836 -2.721344 0.985405
vt 0.625000 0.500000
vn 0.000000 1.000000 0.000000
vtan 1.000000 0.000000 0.000000
vbin 0.000000 0.000000 -1.000000
v 7.158482 -2.721344 0.985405
vt 0.375000 0.500000
vn 0.000000 0.000000 -1.000000
vtan 1.000000 0.000000 0.000000
vbin 0.000000 -1.000000 0.000000
v 11.888836 -2.721344 0.985405
vt 0.625000 0.500000
vn 0.000000 0.000000 -1.000000
vtan 1.000000 0.000000 0.000000
vbin 0.000000 -1.000000 0.000000
v 7.158482 -10.039309 0.985405
vt 0.375000 0.750000
vn 0.000000 0.000000 -1.000000
vtan 1.000000 0.000000 0.000000
vbin 0.000000 -1.000000 0.000000
v 7.158482 -10.039309 0.985405
vt 0.375000 0.750000
vn 0.000000 0.000000 -1.000000
vtan 1.000000 0.000000 0.000000
vbin 0.000000 -1.000000 0.000000
v 11.888836 -2.721344 0.985405
vt 0.625000 0.500000
vn 0.000000 0.000000 -1.000000
vtan 1.000000 0.000000 0.000000
vbin 0.000000 -1.000000 0.000000
v 11.888836 -10.039309 0.985405
vt 0.625000 0.750000
vn 0.000000 0.000000 -1.000000
vtan 1.000000 0.000000 0.000000
vbin 0.000000 -1.000000 0.000000
v 7.158482 -10.039309 0.985405
vt 0.375000 0.750000
vn 0.000000 -1.000000 0.000000
vtan 1.000000 0.000000 -0.000000
vbin 0.000000 0.000000 1.000000
v 11.888836 -10.039309 0.985405
vt 0.625000 0.750000
vn 0.000000 -1.000000 0.000000
vtan 1.000000 0.000000 -0.000000
vbin 0.000000 0.000000 1.000000
v 7.158482 -10.039309 7.137649
vt 0.375000 1.000000
vn 0.000000 -1.000000 0.000000
vtan 1.000000 0.000000 -0.000000
vbin 0.000000 0.000000 1.000000
v 7.158482 -10.039309 7.137649
vt 0.375000 1.000000
vn 0.000000 -1.000000 0.000000
vtan 1.000000 0.000000 -0.000000
vbin 0.000000 0.000000 1.000000
v 11.888836 -10.039309 0.985405
vt 0.625000 0.750000
vn 0.000000 -1.000000 0.000000
vtan 1.000000 0.000000 -0.000000
vbin 0.000000 0.000000 1.000000
v 11.888836 -10.039309 7.137649
vt 0.625000 1.000000
vn 0.000000 -1.000000 0.000000
vtan 1.000000 0.000000 -0.000000
vbin 0.000000 0.000000 1.000000
v 11.888836 -10.039309 7.137649
vt 0.625000 0.000000
vn 1.000000 0.000000 0.000000
vtan 0.000000 0.000000 -1.000000
vbin -0.000000 1.000000 0.000000
v 11.888836 -10.039309 0.985405
vt 0.875000 0.000000
vn 1.000000 0.000000 0.000000
vtan 0.000000 0.000000 -1.000000
vbin -0.000000 1.000000 0.000000
v 11.888836 -2.721344 7.137649
vt 0.625000 0.250000
vn 1.000000 0.000000 0.000000
vtan 0.000000 0.000000 -1.000000
vbin -0.000000 1.000000 0.000000
v 11.888836 -2.721344 7.137649
vt 0.625000 0.250000
vn 1.000000 0.000000 0.000000
vtan 0.000000 -0.000000 -1.000000
vbin 0.000000 1.000000 -0.000000
v 11.888836 -10.039309 0.985405
vt 0.875000 0.000000
vn 1.000000 0.000000 0.000000
