Nr of Meshes: 17
Mesh name: goalDoorRight
mat count 1
vtx count 36
v -0.242378 -2.852816 18.098461
vt 0.490368 0.062509
vn 0.999586 0.000000 -0.028761
vtan -0.028761 0.000841 -0.999586
vbin 0.000024 1.000000 0.000840
v -0.248657 -2.852816 17.880287
vt 0.515570 0.062487
vn 0.999586 0.000000 -0.028762
vtan -0.028762 0.000841 -0.999586
vbin 0.000024 1.000000 0.000840
v -0.242378 -0.496614 18.098461
vt 0.490597 0.334564
vn 0.999586 0.000000 -0.028774
vtan -0.028774 0.000841 -0.999586
vbin 0.000024 1.000000 0.000840
v -0.242378 -0.496614 18.098461
vt 0.490597 0.334564
vn 0.999586 0.000000 -0.028774
vtan -0.028774 0.000842 -0.999586
vbin 0.000024 1.000000 0.000842
v -0.248657 -2.852816 17.880287
vt 0.515570 0.062487
vn 0.999586 0.000000 -0.028762
vtan -0.028762 0.000842 -0.999586
vbin 0.000024 1.000000 0.000842
v -0.248657 -0.496614 17.880287
vt 0.515799 0.334543
vn 0.999586 0.000000 -0.028774
vtan -0.028774 0.000842 -0.999586
vbin 0.000024 1.000000 0.000842
v -0.242378 -0.496614 18.098461
vt 0.490597 0.334564
vn 0.000000 1.000000 0.000000
vtan -0.029462 0.000000 -0.999566
vbin -0.999566 0.000000 0.029462
v -0.248657 -0.496614 17.880287
vt 0.515799 0.334543
vn 0.000000 1.000000 0.000000
vtan -0.029462 0.000000 -0.999566
vbin -0.999566 0.000000 0.029462
v -1.028311 -0.496614 18.115917
vt 0.491842 0.444672
vn 0.000000 1.000000 0.000000
vtan -0.029462 0.000000 -0.999566
vbin -0.999566 0.000000 0.029462
v -1.028311 -0.496614 18.115917
vt 0.491842 0.444672
vn 0.000000 1.000000 0.000000
vtan -0.029463 0.000000 -0.999566
vbin -0.999566 0.000000 0.029463
v -0.248657 -0.496614 17.880287
vt 0.515799 0.334543
vn 0.000000 1.000000 0.000000
vtan -0.029463 0.000000 -0.999566
vbin -0.999566 0.000000 0.029463
v -1.034591 -0.496614 17.897747
vt 0.517043 0.444651
vn 0.000000 1.000000 0.000000
vtan -0.029463 0.000000 -0.999566
vbin -0.999566 0.000000 0.029463
v -1.028311 -0.496614 18.115917
vt 0.491842 0.444672
vn -0.999586 0.000000 0.028774
vtan -0.028774 -0.000837 -0.999586
vbin 0.000024 -1.000000 0.000837
v -1.034591 -0.496614 17.897747
vt 0.517043 0.444651
vn -0.999586 0.000000 0.028774
vtan -0.028774 -0.000837 -0.999586
vbin 0.000024 -1.000000 0.000837
v -1.028311 -2.852816 18.115917
vt 0.492069 0.716727
vn -0.999586 0.000000 0.028774
vtan -0.028774 -0.000837 -0.999586
vbin 0.000024 -1.000000 0.000837
v -1.028311 -2.852816 18.115917
vt 0.492069 0.716727
vn -0.999586 0.000000 0.028774
vtan -0.028774 -0.000835 -0.999586
vbin 0.000024 -1.000000 0.000835
v -1.034591 -0.496614 17.897747
vt 0.517043 0.444651
vn -0.999586 0.000000 0.028774
vtan -0.028774 -0.000835 -0.999586
vbin 0.000024 -1.000000 0.000835
v -1.034591 -2.852816 17.897747
vt 0.517270 0.716706
vn -0.999586 0.000000 0.028774
vtan -0.028774 -0.000835 -0.999586
vbin 0.000024 -1.000000 0.000835
v -1.034591 -2.852816 17.897747
vt 0.517270 0.716706
vn 0.000000 -1.000000 -0.000000
vtan -0.028085 0.000000 -0.999606
vbin 0.999606 0.000000 -0.028085
v -0.248657 -2.852816 17.880287
vt 0.516209 0.826816
vn 0.000000 -1.000000 -0.000000
vtan -0.028085 0.000000 -0.999606
vbin 0.999606 0.000000 -0.028085
v -1.028311 -2.852816 18.115917
vt 0.492069 0.716727
vn 0.000000 -1.000000 -0.000000
vtan -0.028085 0.000000 -0.999606
vbin 0.999606 0.000000 -0.028085
v -1.028311 -2.852816 18.115917
vt 0.492069 0.716727
vn 0.000000 -1.000000 -0.000000
vtan -0.028088 0.000000 -0.999605
vbin 0.999605 0.000000 -0.028088
v -0.248657 -2.852816 17.880287
vt 0.516209 0.826816
vn 0.000000 -1.000000 -0.000000
vtan -0.028088 0.000000 -0.999605
vbin 0.999605 0.000000 -0.028088
v -0.242378 -2.852816 18.098461
vt 0.491008 0.826837
vn 0.000000 -1.000000 -0.000000
vtan -0.028088 0.000000 -0.999605
vbin 0.999605 0.000000 -0.028088
v -0.248657 -2.852816 17.880287
vt 0.515570 0.062487
vn -0.018308 0.000000 -0.999832
vtan -0.999832 0.001020 0.018308
vbin 0.001020 0.999999 -0.000019
v -1.034591 -2.852816 17.897747
vt 0.625685 0.062395
vn -0.018308 0.000000 -0.999832
vtan -0.999832 0.001020 0.018308
vbin 0.001020 1.000000 -0.000019
v -0.248657 -0.496614 17.880287
vt 0.515799 0.334543
vn -0.018307 0.000000 -0.999833
vtan -0.999832 0.001020 0.018307
vbin 0.001020 0.999999 -0.000019
v -0.248657 -0.496614 17.880287
vt 0.515799 0.334543
vn -0.018307 0.000000 -0.999833
vtan -0.999832 0.001020 0.018307
vbin 0.001020 0.999999 -0.000019
v -1.034591 -2.852816 17.897747
vt 0.625685 0.062395
vn -0.018308 0.000000 -0.999832
vtan -0.999832 0.001020 0.018308
vbin 0.001020 1.000000 -0.000019
v -1.034591 -0.496614 17.897747
vt 0.625914 0.334450
vn -0.018307 0.000000 -0.999833
vtan -0.999832 0.001020 0.018307
vbin 0.001020 0.999999 -0.000019
v -1.028311 -2.852816 18.115917
vt 0.380254 0.062601
vn 0.018306 0.000000 0.999833
vtan 0.999832 0.001021 -0.018306
vbin -0.001021 1.000000 0.000019
v -0.242378 -2.852816 18.098461
vt 0.490368 0.062509
vn 0.018306 0.000000 0.999833
vtan 0.999832 0.001021 -0.018306
vbin -0.001021 1.000000 0.000019
v -1.028311 -0.496614 18.115917
vt 0.380482 0.334657
vn 0.018306 0.000000 0.999833
vtan 0.999832 0.001021 -0.018306
vbin -0.001021 1.000000 0.000019
v -1.028311 -0.496614 18.115917
vt 0.380482 0.334657
vn 0.018306 0.000000 0.999833
vtan 0.999832 0.001020 -0.018306
vbin -0.001020 1.000000 0.000019
v -0.242378 -2.852816 18.098461
vt 0.490368 0.062509
vn 0.018306 0.000000 0.999833
vtan 0.999832 0.001020 -0.018306
vbin -0.001020 1.000000 0.000019
v -0.242378 -0.496614 18.098461
vt 0.490597 0.334564
vn 0.018306 0.000000 0.999833
vtan 0.999832 0.001020 -0.018306
vbin -0.001020 1.000000 0.000019

        Material 0
            Name: "phong1"
            Ambient: 0.000000, 0.000000, 0.000000
            Diffuse: 0.500000, 0.500000, 0.500000
            Specular: 0.500000, 0.500000, 0.500000
            Emissive: 0.000000, 0.000000, 0.000000
            Opacity: 0.000000
            Shininess: 20.000000
            Reflectivity: 0.500000
            Nr of Textures: 0

Mesh name: wallRight
mat count 1
vtx count 36
v -17.389599 -14.148926 18.552820
vt 0.341074 0.012092
vn 0.000000 -1.000000 0.000000
vtan 0.002033 0.000000 -0.999998
vbin 0.999998 0.000000 0.002033
v -17.389599 -14.148926 -11.648201
vt 0.670403 0.011482
vn 0.000000 -1.000000 0.000000
vtan 0.002033 0.000000 -0.999998
vbin 0.999998 0.000000 0.002033
v -16.760651 -14.148926 18.552820
vt 0.340728 0.018346
vn 0.000000 -1.000000 0.000000
vtan 0.002033 0.000000 -0.999998
vbin 0.999998 0.000000 0.002033
v -16.760651 -14.148926 18.552820
vt 0.340728 0.018346
vn 0.000000 -1.000000 0.000000
vtan 0.002033 0.000000 -0.999998
vbin 0.999998 0.000000 0.002033
v -17.389599 -14.148926 -11.648201
vt 0.670403 0.011482
vn 0.000000 -1.000000 0.000000
vtan 0.002033 0.000000 -0.999998
vbin 0.999998 0.000000 0.002033
v -16.760651 -14.148926 -11.648201
vt 0.670058 0.017735
vn 0.000000 -1.000000 0.000000
vtan 0.002033 0.000000 -0.999998
vbin 0.999998 0.000000 0.002033
v -16.760651 -14.148926 18.552820
vt 0.340728 0.018346
vn 1.000000 0.000000 0.000000
vtan 0.000000 0.001848 -0.999998
vbin -0.000000 0.999998 0.001848
v -16.760651 -14.148926 -11.648201
vt 0.670058 0.017735
vn 1.000000 0.000000 0.000000
vtan 0.000000 0.001848 -0.999998
vbin -0.000000 0.999998 0.001848
v -16.760651 15.100510 18.552820
vt 0.341858 0.338295
vn 1.000000 0.000000 0.000000
vtan 0.000000 0.001848 -0.999998
vbin -0.000000 0.999998 0.001848
v -16.760651 15.100510 18.552820
vt 0.341858 0.338295
vn 1.000000 0.000000 0.000000
vtan -0.000000 0.001848 -0.999998
vbin -0.000000 0.999998 0.001848
v -16.760651 -14.148926 -11.648201
vt 0.670058 0.017735
vn 1.000000 0.000000 0.000000
vtan -0.000000 0.001848 -0.999998
vbin -0.000000 0.999998 0.001848
v -16.760651 15.100510 -11.648201
vt 0.671187 0.337684
vn 1.000000 0.000000 0.000000
vtan -0.000000 0.001848 -0.999998
vbin -0.000000 0.999998 0.001848
v -16.760651 15.100510 18.552820
vt 0.341858 0.338295
vn 0.000000 1.000000 0.000000
vtan -0.002033 0.000000 -0.999998
vbin -0.999998 0.000000 0.002033
v -16.760651 15.100510 -11.648201
vt 0.671187 0.337684
vn 0.000000 1.000000 0.000000
vtan -0.002033 0.000000 -0.999998
vbin -0.999998 0.000000 0.002033
v -17.389599 15.100510 18.552820
vt 0.341512 0.344548
vn 0.000000 1.000000 0.000000
vtan -0.002033 0.000000 -0.999998
vbin -0.999998 0.000000 0.002033
v -17.389599 15.100510 18.552820
vt 0.341512 0.344548
vn 0.000000 1.000000 0.000000
vtan -0.001419 0.000000 -0.999999
vbin -0.999999 0.000000 0.001419
v -16.760651 15.100510 -11.648201
vt 0.671187 0.337684
vn 0.000000 1.000000 0.000000
vtan -0.001419 0.000000 -0.999999
vbin -0.999999 0.000000 0.001419
v -17.389599 15.100510 -11.648201
vt 0.673968 0.344110
vn 0.000000 1.000000 0.000000
vtan -0.001419 0.000000 -0.999999
vbin -0.999999 0.000000 0.001419
v -17.389599 15.100510 18.552820
vt 0.341512 0.344548
vn -1.000000 0.000000 0.000000
vtan 0.000000 -0.001325 -0.999999
vbin 0.000000 -0.999999 0.001325
v -17.389599 15.100510 -11.648201
vt 0.673968 0.344110
vn -1.000000 0.000000 0.000000
vtan 0.000000 -0.001325 -0.999999
vbin 0.000000 -0.999999 0.001325
v -17.389599 -14.148926 18.552820
vt 0.342641 0.664498
vn -1.000000 0.000000 0.000000
vtan 0.000000 -0.001325 -0.999999
vbin 0.000000 -0.999999 0.001325
v -17.389599 -14.148926 18.552820
vt 0.342641 0.664498
vn -1.000000 0.000000 0.000000
vtan 0.000000 -0.001325 -0.999999
vbin 0.000000 -0.999999 0.001325
v -17.389599 15.100510 -11.648201
vt 0.673968 0.344110
vn -1.000000 0.000000 0.000000
vtan 0.000000 -0.001325 -0.999999
vbin 0.000000 -0.999999 0.001325
v -17.389599 -14.148926 -11.648201
vt 0.675097 0.664060
vn -1.000000 0.000000 0.000000
vtan 0.000000 -0.001325 -0.999999
vbin 0.000000 -0.999999 0.001325
v -17.389599 -14.148926 -11.648201
vt 0.670403 0.011482
vn 0.000000 0.000000 -1.000000
vtan 0.003883 0.999992 0.000000
vbin 0.999992 -0.003883 0.000000
v -17.389599 15.100510 -11.648201
vt 0.990353 0.010353
vn 0.000000 0.000000 -1.000000
vtan 0.003883 0.999992 0.000000
vbin 0.999992 -0.003883 0.000000
v -16.760651 -14.148926 -11.648201
vt 0.670058 0.017735
vn 0.000000 0.000000 -1.000000
vtan 0.003883 0.999992 0.000000
vbin 0.999992 -0.003883 0.000000
v -16.760651 -14.148926 -11.648201
vt 0.670058 0.017735
vn 0.000000 0.000000 -1.000000
vtan 0.003883 0.999992 0.000000
vbin 0.999992 -0.003883 0.000000
v -17.389599 15.100510 -11.648201
vt 0.990353 0.010353
vn 0.000000 0.000000 -1.000000
vtan 0.003883 0.999992 0.000000
vbin 0.999992 -0.003883 0.000000
v -16.760651 15.100510 -11.648201
vt 0.990007 0.016606
vn 0.000000 0.000000 -1.000000
vtan 0.003883 0.999992 0.000000
vbin 0.999992 -0.003883 0.000000
v -17.389599 15.100510 18.552820
vt 0.021125 0.013222
vn 0.000000 0.000000 1.000000
vtan 0.003883 -0.999992 0.000000
vbin 0.999992 0.003883 -0.000000
v -17.389599 -14.148926 18.552820
vt 0.341074 0.012092
vn 0.000000 0.000000 1.000000
vtan 0.003883 -0.999992 0.000000
vbin 0.999992 0.003883 -0.000000
v -16.760651 15.100510 18.552820
vt 0.020779 0.019475
vn 0.000000 0.000000 1.000000
vtan 0.003883 -0.999992 0.000000
vbin 0.999992 0.003883 -0.000000
v -16.760651 15.100510 18.552820
vt 0.020779 0.019475
vn 0.000000 0.000000 1.000000
vtan 0.003883 -0.999992 -0.000000
vbin 0.999992 0.003883 -0.000000
v -17.389599 -14.148926 18.552820
vt 0.341074 0.012092
vn 0.000000 0.000000 1.000000
vtan 0.003883 -0.999992 -0.000000
vbin 0.999992 0.003883 -0.000000
v -16.760651 -14.148926 18.552820
vt 0.340728 0.018346
vn 0.000000 0.000000 1.000000
vtan 0.003883 -0.999992 -0.000000
vbin 0.999992 0.003883 -0.000000

        Material 0
            Name: "phong1"
            Ambient: 0.000000, 0.000000, 0.000000
            Diffuse: 0.500000, 0.500000, 0.500000
            Specular: 0.500000, 0.500000, 0.500000
            Emissive: 0.000000, 0.000000, 0.000000
            Opacity: 0.000000
            Shininess: 20.000000
            Reflectivity: 0.500000
            Nr of Textures: 0

Mesh name: goalDoorBody
mat count 1
vtx count 36
v -1.875240 -2.852816 18.141659
vt 0.443983 0.021781
vn -0.999755 0.000000 0.022123
vtan 0.022123 0.005261 0.999741
vbin -0.000116 0.999986 -0.005260
v -1.858768 -2.852816 18.886024
vt 0.534660 0.021304
vn -0.999755 0.000000 0.022123
vtan 0.022123 0.005261 0.999741
vbin -0.000116 0.999986 -0.005260
v -1.875240 -0.496614 18.141659
vt 0.445492 0.308738
vn -0.999755 0.000000 0.022123
vtan 0.022123 0.005261 0.999741
vbin -0.000116 0.999986 -0.005260
v -1.875240 -0.496614 18.141659
vt 0.445492 0.308738
vn -0.999755 0.000000 0.022123
vtan 0.022123 0.005260 0.999741
vbin -0.000116 0.999986 -0.005259
v -1.858768 -2.852816 18.886024
vt 0.534660 0.021304
vn -0.999755 0.000000 0.022123
vtan 0.022123 0.005260 0.999741
vbin -0.000116 0.999986 -0.005259
v -1.858768 -0.496614 18.886024
vt 0.536169 0.308261
vn -0.999755 0.000000 0.022123
vtan 0.022123 0.005260 0.999741
vbin -0.000116 0.999986 -0.005259
v -1.875240 -0.496614 18.141659
vt 0.445492 0.308738
vn 0.000000 1.000000 0.000000
vtan 0.027382 0.000000 0.999625
vbin 0.999625 0.000000 -0.027382
v -1.858768 -0.496614 18.886024
vt 0.536169 0.308261
vn 0.000000 1.000000 -0.000000
vtan 0.027382 0.000000 0.999625
vbin 0.999625 -0.000000 -0.027382
v -0.247055 -0.496614 18.120365
vt 0.448329 0.507031
vn 0.000000 1.000000 -0.000000
vtan 0.027382 0.000000 0.999625
vbin 0.999625 -0.000000 -0.027382
v -0.247055 -0.496614 18.120365
vt 0.448329 0.507031
vn 0.000000 1.000000 -0.000000
vtan 0.027381 0.000000 0.999625
vbin 0.999625 -0.000000 -0.027381
v -1.858768 -0.496614 18.886024
vt 0.536169 0.308261
vn 0.000000 1.000000 -0.000000
vtan 0.027381 0.000000 0.999625
vbin 0.999625 -0.000000 -0.027381
v -0.230583 -0.496614 18.864731
vt 0.539006 0.506554
vn 0.000000 1.000000 -0.000000
vtan 0.027381 0.000000 0.999625
vbin 0.999625 -0.000000 -0.027381
v -0.247055 -0.496614 18.120365
vt 0.448329 0.507031
vn 0.999755 0.000000 -0.022123
vtan 0.022123 -0.005260 0.999741
vbin -0.000116 -0.999986 -0.005259
v -0.230583 -0.496614 18.864731
vt 0.539006 0.506554
vn 0.999755 0.000000 -0.022123
vtan 0.022123 -0.005260 0.999741
vbin -0.000116 -0.999986 -0.005259
v -0.247055 -2.852816 18.120365
vt 0.449839 0.793988
vn 0.999755 0.000000 -0.022123
vtan 0.022123 -0.005260 0.999741
vbin -0.000116 -0.999986 -0.005259
v -0.247055 -2.852816 18.120365
vt 0.449839 0.793988
vn 0.999755 0.000000 -0.022123
vtan 0.022123 -0.005260 0.999741
vbin -0.000116 -0.999986 -0.005259
v -0.230583 -0.496614 18.864731
vt 0.539006 0.506554
vn 0.999755 0.000000 -0.022123
vtan 0.022123 -0.005260 0.999741
vbin -0.000116 -0.999986 -0.005259
v -0.230583 -2.852816 18.864731
vt 0.540516 0.793511
vn 0.999755 0.000000 -0.022123
vtan 0.022123 -0.005260 0.999741
vbin -0.000116 -0.999986 -0.005259
v -0.230583 -2.852816 18.864731
vt 0.540516 0.793511
vn 0.000000 -1.000000 0.000000
vtan 0.016864 0.000000 0.999858
vbin -0.999858 0.000000 0.016864
v -1.858768 -2.852816 18.886024
vt 0.539765 0.991823
vn 0.000000 -1.000000 0.000000
vtan 0.016864 0.000000 0.999858
vbin -0.999858 0.000000 0.016864
v -0.247055 -2.852816 18.120365
vt 0.449839 0.793988
vn 0.000000 -1.000000 0.000000
vtan 0.016864 0.000000 0.999858
vbin -0.999858 0.000000 0.016864
v -0.247055 -2.852816 18.120365
vt 0.449839 0.793988
vn 0.000000 -1.000000 0.000000
vtan 0.016864 0.000000 0.999858
vbin -0.999858 0.000000 0.016864
v -1.858768 -2.852816 18.886024
vt 0.539765 0.991823
vn 0.000000 -1.000000 0.000000
vtan 0.016864 0.000000 0.999858
vbin -0.999858 0.000000 0.016864
v -1.875240 -2.852816 18.141659
vt 0.449088 0.992300
vn 0.000000 -1.000000 0.000000
vtan 0.016864 0.000000 0.999858
vbin -0.999858 0.000000 0.016864
v -1.858768 -2.852816 18.886024
vt 0.534660 0.021304
vn 0.013077 0.000000 0.999915
vtan 0.999901 0.005260 -0.013077
vbin -0.005260 0.999986 0.000069
v -0.230583 -2.852816 18.864731
vt 0.732970 0.020261
vn 0.013077 0.000000 0.999915
vtan 0.999901 0.005260 -0.013077
vbin -0.005260 0.999986 0.000069
v -1.858768 -0.496614 18.886024
vt 0.536169 0.308261
vn 0.013077 0.000000 0.999915
vtan 0.999901 0.005260 -0.013077
vbin -0.005260 0.999986 0.000069
v -1.858768 -0.496614 18.886024
vt 0.536169 0.308261
vn 0.013077 0.000000 0.999915
vtan 0.999901 0.005260 -0.013077
vbin -0.005260 0.999986 0.000069
v -0.230583 -2.852816 18.864731
vt 0.732970 0.020261
vn 0.013077 0.000000 0.999915
vtan 0.999901 0.005260 -0.013077
vbin -0.005260 0.999986 0.000069
v -0.230583 -0.496614 18.864731
vt 0.734480 0.307218
vn 0.013077 0.000000 0.999915
vtan 0.999901 0.005260 -0.013077
vbin -0.005260 0.999986 0.000069
v -0.247055 -2.852816 18.120365
vt 0.245672 0.022824
vn -0.013077 0.000000 -0.999915
vtan -0.999901 0.005260 0.013077
vbin 0.005260 0.999986 -0.000069
v -1.875240 -2.852816 18.141659
vt 0.443983 0.021781
vn -0.013077 0.000000 -0.999915
vtan -0.999901 0.005260 0.013077
vbin 0.005260 0.999986 -0.000069
v -0.247055 -0.496614 18.120365
vt 0.247182 0.309781
vn -0.013078 0.000000 -0.999915
vtan -0.999901 0.005260 0.013078
vbin 0.005260 0.999986 -0.000069
v -0.247055 -0.496614 18.120365
vt 0.247182 0.309781
vn -0.013078 0.000000 -0.999915
vtan -0.999901 0.005260 0.013078
vbin 0.005260 0.999986 -0.000069
v -1.875240 -2.852816 18.141659
vt 0.443983 0.021781
vn -0.013077 0.000000 -0.999915
vtan -0.999901 0.005260 0.013077
vbin 0.005260 0.999986 -0.000069
v -1.875240 -0.496614 18.141659
vt 0.445492 0.308738
vn -0.013079 0.000000 -0.999914
vtan -0.999901 0.005260 0.013079
vbin 0.005260 0.999986 -0.000069

        Material 0
            Name: "phong1"
            Ambient: 0.000000, 0.000000, 0.000000
            Diffuse: 0.500000, 0.500000, 0.500000
            Specular: 0.500000, 0.500000, 0.500000
            Emissive: 0.000000, 0.000000, 0.000000
            Opacity: 0.000000
            Shininess: 20.000000
            Reflectivity: 0.500000
            Nr of Textures: 0

Mesh name: wallLeft
mat count 1
vtx count 36
v -17.356159 -14.148926 18.367630
vt 0.339287 0.009236
vn 0.000000 -1.000000 0.000000
vtan 0.999999 0.000000 -0.001506
vbin 0.001506 0.000000 0.999999
v 12.512354 -14.148926 18.367630
vt 0.670112 0.009729
vn 0.000000 -1.000000 0.000000
vtan 0.999999 0.000000 -0.001506
vbin 0.001506 0.000000 0.999999
v -17.356159 -14.148926 18.996578
vt 0.339277 0.016126
vn 0.000000 -1.000000 0.000000
vtan 0.999999 0.000000 -0.001506
vbin 0.001506 0.000000 0.999999
v -17.356159 -14.148926 18.996578
vt 0.339277 0.016126
vn 0.000000 -1.000000 0.000000
vtan 0.999999 0.000000 -0.001506
vbin 0.001506 0.000000 0.999999
v 12.512354 -14.148926 18.367630
vt 0.670112 0.009729
vn 0.000000 -1.000000 0.000000
vtan 0.999999 0.000000 -0.001506
vbin 0.001506 0.000000 0.999999
v 12.512354 -14.148926 18.996578
vt 0.670102 0.016619
vn 0.000000 -1.000000 0.000000
vtan 0.999999 0.000000 -0.001506
vbin 0.001506 0.000000 0.999999
v -17.356159 -14.148926 18.996578
vt 0.339277 0.016126
vn 0.000000 0.000000 1.000000
vtan 0.999999 -0.001506 -0.000000
vbin 0.001506 0.999999 -0.000000
v 12.512354 -14.148926 18.996578
vt 0.670102 0.016619
vn 0.000000 0.000000 1.000000
vtan 0.999999 -0.001506 -0.000000
vbin 0.001506 0.999999 -0.000000
v -17.356159 15.100510 18.996578
vt 0.338800 0.336527
vn 0.000000 0.000000 1.000000
vtan 0.999999 -0.001506 -0.000000
vbin 0.001506 0.999999 -0.000000
v -17.356159 15.100510 18.996578
vt 0.338800 0.336527
vn 0.000000 0.000000 1.000000
vtan 0.999999 -0.001506 0.000000
vbin 0.001506 0.999999 -0.000000
v 12.512354 -14.148926 18.996578
vt 0.670102 0.016619
vn 0.000000 0.000000 1.000000
vtan 0.999999 -0.001506 0.000000
vbin 0.001506 0.999999 -0.000000
v 12.512354 15.100510 18.996578
vt 0.669624 0.337020
vn 0.000000 0.000000 1.000000
vtan 0.999999 -0.001506 0.000000
vbin 0.001506 0.999999 -0.000000
v -17.356159 15.100510 18.996578
vt 0.338800 0.336527
vn 0.000000 1.000000 0.000000
vtan 0.999999 -0.000000 0.001506
vbin 0.001506 0.000000 -0.999999
v 12.512354 15.100510 18.996578
vt 0.669624 0.337020
vn 0.000000 1.000000 0.000000
vtan 0.999999 -0.000000 0.001506
vbin 0.001506 0.000000 -0.999999
v -17.356159 15.100510 18.367630
vt 0.338789 0.343417
vn 0.000000 1.000000 0.000000
vtan 0.999999 -0.000000 0.001506
vbin 0.001506 0.000000 -0.999999
v -17.356159 15.100510 18.367630
vt 0.338789 0.343417
vn 0.000000 1.000000 0.000000
vtan 0.999999 0.000000 0.001506
vbin 0.001506 0.000000 -0.999999
v 12.512354 15.100510 18.996578
vt 0.669624 0.337020
vn 0.000000 1.000000 0.000000
vtan 0.999999 0.000000 0.001506
vbin 0.001506 0.000000 -0.999999
v 12.512354 15.100510 18.367630
vt 0.669614 0.343909
vn 0.000000 1.000000 0.000000
vtan 0.999999 0.000000 0.001506
vbin 0.001506 0.000000 -0.999999
v -17.356159 15.100510 18.367630
vt 0.338789 0.343417
vn 0.000000 0.000000 -1.000000
vtan 0.999999 0.001506 0.000000
vbin 0.001506 -0.999999 0.000000
v 12.512354 15.100510 18.367630
vt 0.669614 0.343909
vn 0.000000 0.000000 -1.000000
vtan 0.999999 0.001506 0.000000
vbin 0.001506 -0.999999 0.000000
v -17.356159 -14.148926 18.367630
vt 0.338312 0.663818
vn 0.000000 0.000000 -1.000000
vtan 0.999999 0.001506 0.000000
vbin 0.001506 -0.999999 0.000000
v -17.356159 -14.148926 18.367630
vt 0.338312 0.663818
vn 0.000000 0.000000 -1.000000
vtan 0.999999 0.001506 0.000000
vbin 0.001506 -0.999999 0.000000
v 12.512354 15.100510 18.367630
vt 0.669614 0.343909
vn 0.000000 0.000000 -1.000000
vtan 0.999999 0.001506 0.000000
vbin 0.001506 -0.999999 0.000000
v 12.512354 -14.148926 18.367630
vt 0.669137 0.664310
vn 0.000000 0.000000 -1.000000
vtan 0.999999 0.001506 0.000000
vbin 0.001506 -0.999999 0.000000
v 12.512354 -14.148926 18.367630
vt 0.670112 0.009729
vn 1.000000 0.000000 0.000000
vtan -0.000000 0.999999 -0.001490
vbin -0.000000 0.001490 0.999999
v 12.512354 15.100510 18.367630
vt 0.990513 0.010207
vn 1.000000 0.000000 0.000000
vtan -0.000000 0.999999 -0.001490
vbin -0.000000 0.001490 0.999999
v 12.512354 -14.148926 18.996578
vt 0.670102 0.016619
vn 1.000000 0.000000 0.000000
vtan -0.000000 0.999999 -0.001490
vbin -0.000000 0.001490 0.999999
v 12.512354 -14.148926 18.996578
vt 0.670102 0.016619
vn 1.000000 0.000000 0.000000
vtan 0.000000 0.999999 -0.001490
vbin -0.000000 0.001490 0.999999
v 12.512354 15.100510 18.367630
vt 0.990513 0.010207
vn 1.000000 0.000000 0.000000
vtan 0.000000 0.999999 -0.001490
vbin -0.000000 0.001490 0.999999
v 12.512354 15.100510 18.996578
vt 0.990503 0.017096
vn 1.000000 0.000000 0.000000
vtan 0.000000 0.999999 -0.001490
vbin -0.000000 0.001490 0.999999
v -17.356159 15.100510 18.367630
vt 0.018886 0.008759
vn -1.000000 0.000000 0.000000
vtan 0.000000 -0.999999 -0.001490
vbin 0.000000 -0.001490 0.999999
v -17.356159 -14.148926 18.367630
vt 0.339287 0.009236
vn -1.000000 0.000000 0.000000
vtan 0.000000 -0.999999 -0.001490
vbin 0.000000 -0.001490 0.999999
v -17.356159 15.100510 18.996578
vt 0.018876 0.015649
vn -1.000000 0.000000 0.000000
vtan 0.000000 -0.999999 -0.001490
vbin 0.000000 -0.001490 0.999999
v -17.356159 15.100510 18.996578
vt 0.018876 0.015649
vn -1.000000 0.000000 0.000000
vtan 0.000000 -0.999999 -0.001490
vbin 0.000000 -0.001490 0.999999
v -17.356159 -14.148926 18.367630
vt 0.339287 0.009236
vn -1.000000 0.000000 0.000000
vtan 0.000000 -0.999999 -0.001490
vbin 0.000000 -0.001490 0.999999
v -17.356159 -14.148926 18.996578
vt 0.339277 0.016126
vn -1.000000 0.000000 0.000000
vtan 0.000000 -0.999999 -0.001490
vbin 0.000000 -0.001490 0.999999

        Material 0
            Name: "phong1"
            Ambient: 0.000000, 0.000000, 0.000000
            Diffuse: 0.500000, 0.500000, 0.500000
            Specular: 0.500000, 0.500000, 0.500000
            Emissive: 0.000000, 0.000000, 0.000000
            Opacity: 0.000000
            Shininess: 20.000000
            Reflectivity: 0.500000
            Nr of Textures: 0

Mesh name: enterDoor
mat count 1
vtx count 36
v 11.480520 -2.981871 4.167137
vt 0.925393 0.790342
vn 0.000000 0.000000 1.000000
vtan 0.999998 0.001817 0.000000
vbin -0.001817 0.999998 0.000000
v 11.868469 -2.981871 4.167137
vt 0.935499 0.790323
vn 0.000000 0.000000 1.000000
vtan 0.999998 0.001817 0.000000
vbin -0.001817 0.999998 0.000000
v 11.480520 -0.826995 4.167137
vt 0.925495 0.846477
vn 0.000000 0.000000 1.000000
vtan 0.999998 0.001817 0.000000
vbin -0.001817 0.999998 0.000000
v 11.480520 -0.826995 4.167137
vt 0.925495 0.846477
vn 0.000000 0.000000 1.000000
vtan 0.999998 0.001817 -0.000000
vbin -0.001817 0.999998 0.000000
v 11.868469 -2.981871 4.167137
vt 0.935499 0.790323
vn 0.000000 0.000000 1.000000
vtan 0.999998 0.001817 -0.000000
vbin -0.001817 0.999998 0.000000
v 11.868469 -0.826995 4.167137
vt 0.935601 0.846459
vn 0.000000 0.000000 1.000000
vtan 0.999998 0.001817 -0.000000
vbin -0.001817 0.999998 0.000000
v 11.480520 -0.826995 4.167137
vt 0.925495 0.846477
vn 0.000000 1.000000 0.000000
vtan 0.999998 0.000000 -0.001817
vbin -0.001817 0.000000 -0.999998
v 11.868469 -0.826995 4.167137
vt 0.935601 0.846459
vn 0.000000 1.000000 0.000000
vtan 0.999998 0.000000 -0.001817
vbin -0.001817 0.000000 -0.999998
v 11.480520 -0.826995 2.738698
vt 0.925562 0.883689
vn 0.000000 1.000000 0.000000
vtan 0.999998 0.000000 -0.001817
vbin -0.001817 0.000000 -0.999998
v 11.480520 -0.826995 2.738698
vt 0.925562 0.883689
vn 0.000000 1.000000 0.000000
vtan 0.999998 -0.000000 -0.001811
vbin -0.001811 0.000000 -0.999998
v 11.868469 -0.826995 4.167137
vt 0.935601 0.846459
vn 0.000000 1.000000 0.000000
vtan 0.999998 -0.000000 -0.001811
vbin -0.001811 0.000000 -0.999998
v 11.868469 -0.826995 2.738698
vt 0.935668 0.883670
vn 0.000000 1.000000 0.000000
vtan 0.999998 -0.000000 -0.001811
vbin -0.001811 0.000000 -0.999998
v 11.480520 -0.826995 2.738698
vt 0.925562 0.883689
vn 0.000000 0.000000 -1.000000
vtan 0.999998 -0.001811 0.000000
vbin -0.001811 -0.999998 -0.000000
v 11.868469 -0.826995 2.738698
vt 0.935668 0.883670
vn 0.000000 0.000000 -1.000000
vtan 0.999998 -0.001811 0.000000
vbin -0.001811 -0.999998 -0.000000
v 11.480520 -2.981871 2.738698
vt 0.925664 0.939824
vn 0.000000 0.000000 -1.000000
vtan 0.999998 -0.001811 0.000000
vbin -0.001811 -0.999998 -0.000000
v 11.480520 -2.981871 2.738698
vt 0.925664 0.939824
vn 0.000000 0.000000 -1.000000
vtan 0.999998 -0.001811 0.000000
vbin -0.001811 -0.999998 -0.000000
v 11.868469 -0.826995 2.738698
vt 0.935668 0.883670
vn 0.000000 0.000000 -1.000000
vtan 0.999998 -0.001811 0.000000
vbin -0.001811 -0.999998 -0.000000
v 11.868469 -2.981871 2.738698
vt 0.935770 0.939806
vn 0.000000 0.000000 -1.000000
vtan 0.999998 -0.001811 0.000000
vbin -0.001811 -0.999998 -0.000000
v 11.480520 -2.981871 2.738698
vt 0.925664 0.939824
vn 0.000000 -1.000000 0.000000
vtan 0.999998 0.000000 0.001811
vbin -0.001811 0.000000 0.999998
v 11.868469 -2.981871 2.738698
vt 0.935770 0.939806
vn 0.000000 -1.000000 0.000000
vtan 0.999998 0.000000 0.001811
vbin -0.001811 0.000000 0.999998
v 11.480520 -2.981871 4.167137
vt 0.925731 0.977035
vn 0.000000 -1.000000 0.000000
vtan 0.999998 0.000000 0.001811
vbin -0.001811 0.000000 0.999998
v 11.480520 -2.981871 4.167137
vt 0.925731 0.977035
vn 0.000000 -1.000000 0.000000
vtan 0.999998 0.000000 0.001811
vbin -0.001811 0.000000 0.999998
v 11.868469 -2.981871 2.738698
vt 0.935770 0.939806
vn 0.000000 -1.000000 0.000000
vtan 0.999998 0.000000 0.001811
vbin -0.001811 0.000000 0.999998
v 11.868469 -2.981871 4.167137
vt 0.935838 0.977017
vn 0.000000 -1.000000 0.000000
vtan 0.999998 0.000000 0.001811
vbin -0.001811 0.000000 0.999998
v 11.868469 -2.981871 4.167137
vt 0.935499 0.790323
vn 1.000000 0.000000 0.000000
vtan 0.000000 0.001810 -0.999998
vbin -0.000000 0.999998 0.001810
v 11.868469 -2.981871 2.738698
vt 0.972711 0.790256
vn 1.000000 0.000000 0.000000
vtan 0.000000 0.001810 -0.999998
vbin -0.000000 0.999998 0.001810
v 11.868469 -0.826995 4.167137
vt 0.935601 0.846459
vn 1.000000 0.000000 0.000000
vtan 0.000000 0.001810 -0.999998
vbin -0.000000 0.999998 0.001810
v 11.868469 -0.826995 4.167137
vt 0.935601 0.846459
vn 1.000000 0.000000 0.000000
vtan -0.000000 0.001810 -0.999998
vbin -0.000000 0.999998 0.001810
v 11.868469 -2.981871 2.738698
vt 0.972711 0.790256
vn 1.000000 0.000000 0.000000
vtan -0.000000 0.001810 -0.999998
vbin -0.000000 0.999998 0.001810
v 11.868469 -0.826995 2.738698
vt 0.972813 0.846391
vn 1.000000 0.000000 0.000000
vtan -0.000000 0.001810 -0.999998
vbin -0.000000 0.999998 0.001810
v 11.480520 -2.981871 2.738698
vt 0.888182 0.790409
vn -1.000000 0.000000 0.000000
vtan 0.000000 0.001810 0.999998
vbin 0.000000 0.999998 -0.001810
v 11.480520 -2.981871 4.167137
vt 0.925393 0.790342
vn -1.000000 0.000000 0.000000
vtan 0.000000 0.001810 0.999998
vbin 0.000000 0.999998 -0.001810
v 11.480520 -0.826995 2.738698
vt 0.888283 0.846545
vn -1.000000 0.000000 0.000000
vtan 0.000000 0.001810 0.999998
vbin 0.000000 0.999998 -0.001810
v 11.480520 -0.826995 2.738698
vt 0.888283 0.846545
vn -1.000000 0.000000 0.000000
vtan 0.000000 0.001810 0.999998
vbin 0.000000 0.999998 -0.001810
v 11.480520 -2.981871 4.167137
vt 0.925393 0.790342
vn -1.000000 0.000000 0.000000
vtan 0.000000 0.001810 0.999998
vbin 0.000000 0.999998 -0.001810
v 11.480520 -0.826995 4.167137
vt 0.925495 0.846477
vn -1.000000 0.000000 0.000000
vtan 0.000000 0.001810 0.999998
vbin 0.000000 0.999998 -0.001810

        Material 0
            Name: "phong1"
            Ambient: 0.000000, 0.000000, 0.000000
            Diffuse: 0.500000, 0.500000, 0.500000
            Specular: 0.500000, 0.500000, 0.500000
            Emissive: 0.000000, 0.000000, 0.000000
            Opacity: 0.000000
            Shininess: 20.000000
            Reflectivity: 0.500000
            Nr of Textures: 0

Mesh name: goalDoorLeft
mat count 1
vtx count 36
v -1.892842 -2.852816 17.914352
vt 0.478623 0.095609
vn -0.999466 0.000000 0.032686
vtan 0.032686 0.002226 0.999463
vbin -0.000073 0.999998 -0.002225
v -1.885707 -2.852816 18.132500
vt 0.505181 0.095549
vn -0.999466 0.000000 0.032687
vtan 0.032687 0.002226 0.999463
vbin -0.000073 0.999997 -0.002225
v -1.892842 -0.496614 17.914352
vt 0.479262 0.382311
vn -0.999465 0.000000 0.032698
vtan 0.032698 0.002226 0.999463
vbin -0.000073 0.999997 -0.002225
v -1.892842 -0.496614 17.914352
vt 0.479262 0.382311
vn -0.999465 0.000000 0.032698
vtan 0.032698 0.002226 0.999463
vbin -0.000073 0.999997 -0.002225
v -1.885707 -2.852816 18.132500
vt 0.505181 0.095549
vn -0.999466 0.000000 0.032687
vtan 0.032687 0.002226 0.999463
vbin -0.000073 0.999997 -0.002225
v -1.885707 -0.496614 18.132500
vt 0.505820 0.382251
vn -0.999465 0.000000 0.032699
vtan 0.032699 0.002226 0.999463
vbin -0.000073 0.999998 -0.002225
v -1.892842 -0.496614 17.914352
vt 0.479262 0.382311
vn -0.000000 1.000000 -0.000000
vtan 0.034629 0.000000 0.999400
vbin 0.999400 0.000000 -0.034629
v -1.885707 -0.496614 18.132500
vt 0.505820 0.382251
vn -0.000000 1.000000 -0.000000
vtan 0.034629 0.000000 0.999400
vbin 0.999400 0.000000 -0.034629
v -1.062802 -0.496614 17.893156
vt 0.480735 0.498345
vn 0.000000 1.000000 0.000000
vtan 0.034629 -0.000000 0.999400
vbin 0.999400 -0.000000 -0.034629
v -1.062802 -0.496614 17.893156
vt 0.480735 0.498345
vn 0.000000 1.000000 0.000000
vtan 0.034626 -0.000000 0.999400
vbin 0.999400 -0.000000 -0.034626
v -1.885707 -0.496614 18.132500
vt 0.505820 0.382251
vn -0.000000 1.000000 -0.000000
vtan 0.034626 0.000000 0.999400
vbin 0.999400 0.000000 -0.034626
v -1.055669 -0.496614 18.111303
vt 0.507293 0.498285
vn 0.000000 1.000000 0.000000
vtan 0.034626 -0.000000 0.999400
vbin 0.999400 -0.000000 -0.034626
v -1.062802 -0.496614 17.893156
vt 0.480735 0.498345
vn 0.999466 0.000000 -0.032686
vtan 0.032686 -0.002233 0.999463
vbin -0.000073 -0.999997 -0.002232
v -1.055669 -0.496614 18.111303
vt 0.507293 0.498285
vn 0.999466 0.000000 -0.032686
vtan 0.032686 -0.002233 0.999463
vbin -0.000073 -0.999997 -0.002232
v -1.062802 -2.852816 17.893156
vt 0.481375 0.785047
vn 0.999466 0.000000 -0.032686
vtan 0.032686 -0.002233 0.999463
vbin -0.000073 -0.999998 -0.002232
v -1.062802 -2.852816 17.893156
vt 0.481375 0.785047
vn 0.999466 0.000000 -0.032686
vtan 0.032686 -0.002238 0.999463
vbin -0.000073 -0.999998 -0.002236
v -1.055669 -0.496614 18.111303
vt 0.507293 0.498285
vn 0.999466 0.000000 -0.032686
vtan 0.032686 -0.002238 0.999463
vbin -0.000073 -0.999997 -0.002236
v -1.055669 -2.852816 18.111303
vt 0.507933 0.784987
vn 0.999466 0.000000 -0.032686
vtan 0.032686 -0.002238 0.999463
vbin -0.000073 -0.999998 -0.002236
v -1.055669 -2.852816 18.111303
vt 0.507933 0.784987
vn -0.000000 -1.000000 0.000000
vtan 0.030736 0.000000 0.999528
vbin -0.999528 0.000000 0.030736
v -1.885707 -2.852816 18.132500
vt 0.506978 0.901027
vn -0.000000 -1.000000 0.000000
vtan 0.030736 0.000000 0.999528
vbin -0.999528 0.000000 0.030736
v -1.062802 -2.852816 17.893156
vt 0.481375 0.785047
vn -0.000000 -1.000000 0.000000
vtan 0.030736 0.000000 0.999528
vbin -0.999528 0.000000 0.030736
v -1.062802 -2.852816 17.893156
vt 0.481375 0.785047
vn -0.000000 -1.000000 0.000000
vtan 0.030737 0.000000 0.999528
vbin -0.999528 0.000000 0.030737
v -1.885707 -2.852816 18.132500
vt 0.506978 0.901027
vn -0.000000 -1.000000 0.000000
vtan 0.030737 0.000000 0.999528
vbin -0.999528 0.000000 0.030737
v -1.892842 -2.852816 17.914352
vt 0.480420 0.901086
vn -0.000000 -1.000000 0.000000
vtan 0.030737 0.000000 0.999528
vbin -0.999528 0.000000 0.030737
v -1.885707 -2.852816 18.132500
vt 0.505181 0.095549
vn 0.022228 0.000000 0.999753
vtan 0.999750 0.002556 -0.022228
vbin -0.002556 0.999997 0.000057
v -1.055669 -2.852816 18.111303
vt 0.621224 0.095291
vn 0.022228 0.000000 0.999753
vtan 0.999750 0.002556 -0.022228
vbin -0.002556 0.999997 0.000057
v -1.885707 -0.496614 18.132500
vt 0.505820 0.382251
vn 0.022228 0.000000 0.999753
vtan 0.999750 0.002556 -0.022228
vbin -0.002556 0.999997 0.000057
v -1.885707 -0.496614 18.132500
vt 0.505820 0.382251
vn 0.022228 0.000000 0.999753
vtan 0.999750 0.002556 -0.022228
vbin -0.002555 0.999997 0.000057
v -1.055669 -2.852816 18.111303
vt 0.621224 0.095291
vn 0.022228 0.000000 0.999753
vtan 0.999750 0.002556 -0.022228
vbin -0.002555 0.999997 0.000057
v -1.055669 -0.496614 18.111303
vt 0.621863 0.381993
vn 0.022228 0.000000 0.999753
vtan 0.999750 0.002556 -0.022228
vbin -0.002555 0.999997 0.000057
v -1.062802 -2.852816 17.893156
vt 0.362580 0.095867
vn -0.022226 0.000000 -0.999753
vtan -0.999750 0.002556 0.022226
vbin 0.002555 0.999997 -0.000057
v -1.892842 -2.852816 17.914352
vt 0.478623 0.095609
vn -0.022227 0.000000 -0.999753
vtan -0.999750 0.002556 0.022226
vbin 0.002555 0.999997 -0.000057
v -1.062802 -0.496614 17.893156
vt 0.363218 0.382569
vn -0.022227 0.000000 -0.999753
vtan -0.999750 0.002556 0.022227
vbin 0.002555 0.999997 -0.000057
v -1.062802 -0.496614 17.893156
vt 0.363218 0.382569
vn -0.022227 0.000000 -0.999753
vtan -0.999750 0.002557 0.022227
vbin 0.002556 0.999997 -0.000057
v -1.892842 -2.852816 17.914352
vt 0.478623 0.095609
vn -0.022227 0.000000 -0.999753
vtan -0.999750 0.002557 0.022226
vbin 0.002556 0.999997 -0.000057
v -1.892842 -0.496614 17.914352
vt 0.479262 0.382311
vn -0.022228 0.000000 -0.999753
vtan -0.999750 0.002557 0.022228
vbin 0.002556 0.999997 -0.000057

        Material 0
            Name: "phong1"
            Ambient: 0.000000, 0.000000, 0.000000
            Diffuse: 0.500000, 0.500000, 0.500000
            Specular: 0.500000, 0.500000, 0.500000
            Emissive: 0.000000, 0.000000, 0.000000
            Opacity: 0.000000
            Shininess: 20.000000
            Reflectivity: 0.500000
            Nr of Textures: 0

Mesh name: mainPlatform
mat count 1
vtx count 84
v -8.576602 -2.721344 10.700628
vt 0.359443 0.241083
vn 0.000000 0.000000 1.000000
vtan 0.999998 -0.001872 0.000000
vbin 0.001872 0.999998 -0.000000
v -8.576602 -3.821298 10.700628
vt 0.359481 0.221035
vn 0.000000 0.000000 1.000000
vtan 0.999998 -0.001872 0.000000
vbin 0.001872 0.999998 -0.000000
v 7.248730 -2.721344 10.700628
vt 0.647881 0.241623
vn 0.000000 0.000000 1.000000
vtan 0.999998 -0.001872 0.000000
vbin 0.001872 0.999998 -0.000000
v 7.248730 -2.721344 10.700628
vt 0.647881 0.241623
vn 0.000000 0.000000 1.000000
vtan 0.999998 -0.001872 0.000000
vbin 0.001872 0.999998 -0.000000
v -8.576602 -3.821298 10.700628
vt 0.359481 0.221035
vn 0.000000 0.000000 1.000000
vtan 0.999998 -0.001872 0.000000
vbin 0.001872 0.999998 -0.000000
v 7.248730 -3.821298 10.700628
vt 0.647918 0.221575
vn 0.000000 0.000000 1.000000
vtan 0.999998 -0.001872 -0.000000
vbin 0.001872 0.999998 -0.000000
v -8.576602 -2.721344 -3.851139
vt 0.358947 0.506308
vn 0.000000 1.000000 0.000000
vtan 0.999998 0.000000 0.001871
vbin 0.001871 0.000000 -0.999998
v -8.576602 -2.721344 10.700628
vt 0.359443 0.241083
vn 0.000000 1.000000 0.000000
vtan 0.999998 0.000000 0.001871
vbin 0.001871 0.000000 -0.999998
v 7.248730 -2.721344 -3.851139
vt 0.647384 0.506848
vn 0.000000 1.000000 0.000000
vtan 0.999998 0.000000 0.001871
vbin 0.001871 0.000000 -0.999998
v 7.248730 -2.721344 -3.851139
vt 0.647384 0.506848
vn 0.000000 1.000000 0.000000
vtan 0.999998 0.000000 0.001871
vbin 0.001871 0.000000 -0.999998
v -8.576602 -2.721344 10.700628
vt 0.359443 0.241083
vn 0.000000 1.000000 0.000000
vtan 0.999998 0.000000 0.001871
vbin 0.001871 0.000000 -0.999998
v 7.248730 -2.721344 10.700628
vt 0.647881 0.241623
vn 0.000000 1.000000 0.000000
vtan 0.999998 -0.000000 0.001872
vbin 0.001872 0.000000 -0.999998
v 7.248730 -3.821297 -3.851139
vt 0.647347 0.526896
vn 0.000000 0.000000 -1.000000
vtan 0.999998 0.001871 0.000000
vbin 0.001871 -0.999998 0.000000
v -8.576602 -3.821297 -3.851139
vt 0.358910 0.526356
vn 0.000000 0.000000 -1.000000
vtan 0.999998 0.001871 0.000000
vbin 0.001871 -0.999998 0.000000
v 7.248730 -2.721344 -3.851139
vt 0.647384 0.506848
vn 0.000000 0.000000 -1.000000
vtan 0.999998 0.001871 0.000000
vbin 0.001871 -0.999998 0.000000
v 7.248730 -2.721344 -3.851139
vt 0.647384 0.506848
vn 0.000000 0.000000 -1.000000
vtan 0.999998 0.001871 0.000000
vbin 0.001871 -0.999998 0.000000
v -8.576602 -3.821297 -3.851139
vt 0.358910 0.526356
vn 0.000000 0.000000 -1.000000
vtan 0.999998 0.001871 0.000000
vbin 0.001871 -0.999998 0.000000
v -8.576602 -2.721344 -3.851139
vt 0.358947 0.506308
vn 0.000000 0.000000 -1.000000
vtan 0.999998 0.001871 0.000000
vbin 0.001871 -0.999998 0.000000
v -2.958536 -14.031252 5.534683
vt 0.358076 0.972014
vn 0.000000 -1.000000 0.000000
vtan 0.999998 0.000000 -0.001871
vbin 0.001871 0.000000 0.999998
v -2.958536 -14.031252 1.314806
vt 0.358572 0.706789
vn 0.000000 -1.000000 0.000000
vtan 0.999998 0.000000 -0.001871
vbin 0.001871 0.000000 0.999998
v 1.630664 -14.031252 5.534683
vt 0.646513 0.972554
vn 0.000000 -1.000000 0.000000
vtan 0.999998 0.000000 -0.001871
vbin 0.001871 0.000000 0.999998
v 1.630664 -14.031252 5.534683
vt 0.646513 0.972554
vn 0.000000 -1.000000 0.000000
vtan 0.999998 0.000000 -0.001871
vbin 0.001871 0.000000 0.999998
v -2.958536 -14.031252 1.314806
vt 0.358572 0.706789
vn 0.000000 -1.000000 0.000000
vtan 0.999998 0.000000 -0.001871
vbin 0.001871 0.000000 0.999998
v 1.630664 -14.031252 1.314806
vt 0.647009 0.707329
vn 0.000000 -1.000000 0.000000
vtan 0.999998 0.000000 -0.001872
vbin 0.001872 0.000000 0.999998
v 7.248730 -2.721344 10.700628
vt 0.647881 0.241623
